400 400
0.00 0.00 1000.00 0.00 10.00 1000.00 10.00 0.00 1000.00
10.00 10.00 1000.00 0.00 10.00 1000.00 10.00 0.00 1000.00
0.00 0.00 -1000.00 0.00 10.00 -1000.00 10.00 0.00 -1000.00
10.00 10.00 -1000.00 0.00 10.00 -1000.00 10.00 0.00 -1000.00
10.00 0.00 1000.00 10.00 10.00 1000.00 20.00 0.00 1000.00
20.00 10.00 1000.00 10.00 10.00 1000.00 20.00 0.00 1000.00
10.00 0.00 -1000.00 10.00 10.00 -1000.00 20.00 0.00 -1000.00
20.00 10.00 -1000.00 10.00 10.00 -1000.00 20.00 0.00 -1000.00
20.00 0.00 1000.00 20.00 10.00 1000.00 30.00 0.00 1000.00
30.00 10.00 1000.00 20.00 10.00 1000.00 30.00 0.00 1000.00
20.00 0.00 -1000.00 20.00 10.00 -1000.00 30.00 0.00 -1000.00
30.00 10.00 -1000.00 20.00 10.00 -1000.00 30.00 0.00 -1000.00
30.00 0.00 1000.00 30.00 10.00 1000.00 40.00 0.00 1000.00
40.00 10.00 1000.00 30.00 10.00 1000.00 40.00 0.00 1000.00
30.00 0.00 -1000.00 30.00 10.00 -1000.00 40.00 0.00 -1000.00
40.00 10.00 -1000.00 30.00 10.00 -1000.00 40.00 0.00 -1000.00
40.00 0.00 1000.00 40.00 10.00 1000.00 50.00 0.00 1000.00
50.00 10.00 1000.00 40.00 10.00 1000.00 50.00 0.00 1000.00
40.00 0.00 -1000.00 40.00 10.00 -1000.00 50.00 0.00 -1000.00
50.00 10.00 -1000.00 40.00 10.00 -1000.00 50.00 0.00 -1000.00
50.00 0.00 1000.00 50.00 10.00 1000.00 60.00 0.00 1000.00
60.00 10.00 1000.00 50.00 10.00 1000.00 60.00 0.00 1000.00
50.00 0.00 -1000.00 50.00 10.00 -1000.00 60.00 0.00 -1000.00
60.00 10.00 -1000.00 50.00 10.00 -1000.00 60.00 0.00 -1000.00
60.00 0.00 1000.00 60.00 10.00 1000.00 70.00 0.00 1000.00
70.00 10.00 1000.00 60.00 10.00 1000.00 70.00 0.00 1000.00
60.00 0.00 -1000.00 60.00 10.00 -1000.00 70.00 0.00 -1000.00
70.00 10.00 -1000.00 60.00 10.00 -1000.00 70.00 0.00 -1000.00
70.00 0.00 1000.00 70.00 10.00 1000.00 80.00 0.00 1000.00
80.00 10.00 1000.00 70.00 10.00 1000.00 80.00 0.00 1000.00
70.00 0.00 -1000.00 70.00 10.00 -1000.00 80.00 0.00 -1000.00
80.00 10.00 -1000.00 70.00 10.00 -1000.00 80.00 0.00 -1000.00
80.00 0.00 1000.00 80.00 10.00 1000.00 90.00 0.00 1000.00
90.00 10.00 1000.00 80.00 10.00 1000.00 90.00 0.00 1000.00
80.00 0.00 -1000.00 80.00 10.00 -1000.00 90.00 0.00 -1000.00
90.00 10.00 -1000.00 80.00 10.00 -1000.00 90.00 0.00 -1000.00
90.00 0.00 1000.00 90.00 10.00 1000.00 100.00 0.00 1000.00
100.00 10.00 1000.00 90.00 10.00 1000.00 100.00 0.00 1000.00
90.00 0.00 -1000.00 90.00 10.00 -1000.00 100.00 0.00 -1000.00
100.00 10.00 -1000.00 90.00 10.00 -1000.00 100.00 0.00 -1000.00
0.00 10.00 1000.00 0.00 20.00 1000.00 10.00 10.00 1000.00
10.00 20.00 1000.00 0.00 20.00 1000.00 10.00 10.00 1000.00
0.00 10.00 -1000.00 0.00 20.00 -1000.00 10.00 10.00 -1000.00
10.00 20.00 -1000.00 0.00 20.00 -1000.00 10.00 10.00 -1000.00
10.00 10.00 1000.00 10.00 20.00 1000.00 20.00 10.00 1000.00
20.00 20.00 1000.00 10.00 20.00 1000.00 20.00 10.00 1000.00
10.00 10.00 -1000.00 10.00 20.00 -1000.00 20.00 10.00 -1000.00
20.00 20.00 -1000.00 10.00 20.00 -1000.00 20.00 10.00 -1000.00
20.00 10.00 1000.00 20.00 20.00 1000.00 30.00 10.00 1000.00
30.00 20.00 1000.00 20.00 20.00 1000.00 30.00 10.00 1000.00
20.00 10.00 -1000.00 20.00 20.00 -1000.00 30.00 10.00 -1000.00
30.00 20.00 -1000.00 20.00 20.00 -1000.00 30.00 10.00 -1000.00
30.00 10.00 1000.00 30.00 20.00 1000.00 40.00 10.00 1000.00
40.00 20.00 1000.00 30.00 20.00 1000.00 40.00 10.00 1000.00
30.00 10.00 -1000.00 30.00 20.00 -1000.00 40.00 10.00 -1000.00
40.00 20.00 -1000.00 30.00 20.00 -1000.00 40.00 10.00 -1000.00
40.00 10.00 1000.00 40.00 20.00 1000.00 50.00 10.00 1000.00
50.00 20.00 1000.00 40.00 20.00 1000.00 50.00 10.00 1000.00
40.00 10.00 -1000.00 40.00 20.00 -1000.00 50.00 10.00 -1000.00
50.00 20.00 -1000.00 40.00 20.00 -1000.00 50.00 10.00 -1000.00
50.00 10.00 1000.00 50.00 20.00 1000.00 60.00 10.00 1000.00
60.00 20.00 1000.00 50.00 20.00 1000.00 60.00 10.00 1000.00
50.00 10.00 -1000.00 50.00 20.00 -1000.00 60.00 10.00 -1000.00
60.00 20.00 -1000.00 50.00 20.00 -1000.00 60.00 10.00 -1000.00
60.00 10.00 1000.00 60.00 20.00 1000.00 70.00 10.00 1000.00
70.00 20.00 1000.00 60.00 20.00 1000.00 70.00 10.00 1000.00
60.00 10.00 -1000.00 60.00 20.00 -1000.00 70.00 10.00 -1000.00
70.00 20.00 -1000.00 60.00 20.00 -1000.00 70.00 10.00 -1000.00
70.00 10.00 1000.00 70.00 20.00 1000.00 80.00 10.00 1000.00
80.00 20.00 1000.00 70.00 20.00 1000.00 80.00 10.00 1000.00
70.00 10.00 -1000.00 70.00 20.00 -1000.00 80.00 10.00 -1000.00
80.00 20.00 -1000.00 70.00 20.00 -1000.00 80.00 10.00 -1000.00
80.00 10.00 1000.00 80.00 20.00 1000.00 90.00 10.00 1000.00
90.00 20.00 1000.00 80.00 20.00 1000.00 90.00 10.00 1000.00
80.00 10.00 -1000.00 80.00 20.00 -1000.00 90.00 10.00 -1000.00
90.00 20.00 -1000.00 80.00 20.00 -1000.00 90.00 10.00 -1000.00
90.00 10.00 1000.00 90.00 20.00 1000.00 100.00 10.00 1000.00
100.00 20.00 1000.00 90.00 20.00 1000.00 100.00 10.00 1000.00
90.00 10.00 -1000.00 90.00 20.00 -1000.00 100.00 10.00 -1000.00
100.00 20.00 -1000.00 90.00 20.00 -1000.00 100.00 10.00 -1000.00
0.00 20.00 1000.00 0.00 30.00 1000.00 10.00 20.00 1000.00
10.00 30.00 1000.00 0.00 30.00 1000.00 10.00 20.00 1000.00
0.00 20.00 -1000.00 0.00 30.00 -1000.00 10.00 20.00 -1000.00
10.00 30.00 -1000.00 0.00 30.00 -1000.00 10.00 20.00 -1000.00
10.00 20.00 1000.00 10.00 30.00 1000.00 20.00 20.00 1000.00
20.00 30.00 1000.00 10.00 30.00 1000.00 20.00 20.00 1000.00
10.00 20.00 -1000.00 10.00 30.00 -1000.00 20.00 20.00 -1000.00
20.00 30.00 -1000.00 10.00 30.00 -1000.00 20.00 20.00 -1000.00
20.00 20.00 1000.00 20.00 30.00 1000.00 30.00 20.00 1000.00
30.00 30.00 1000.00 20.00 30.00 1000.00 30.00 20.00 1000.00
20.00 20.00 -1000.00 20.00 30.00 -1000.00 30.00 20.00 -1000.00
30.00 30.00 -1000.00 20.00 30.00 -1000.00 30.00 20.00 -1000.00
30.00 20.00 1000.00 30.00 30.00 1000.00 40.00 20.00 1000.00
40.00 30.00 1000.00 30.00 30.00 1000.00 40.00 20.00 1000.00
30.00 20.00 -1000.00 30.00 30.00 -1000.00 40.00 20.00 -1000.00
40.00 30.00 -1000.00 30.00 30.00 -1000.00 40.00 20.00 -1000.00
40.00 20.00 1000.00 40.00 30.00 1000.00 50.00 20.00 1000.00
50.00 30.00 1000.00 40.00 30.00 1000.00 50.00 20.00 1000.00
40.00 20.00 -1000.00 40.00 30.00 -1000.00 50.00 20.00 -1000.00
50.00 30.00 -1000.00 40.00 30.00 -1000.00 50.00 20.00 -1000.00
50.00 20.00 1000.00 50.00 30.00 1000.00 60.00 20.00 1000.00
60.00 30.00 1000.00 50.00 30.00 1000.00 60.00 20.00 1000.00
50.00 20.00 -1000.00 50.00 30.00 -1000.00 60.00 20.00 -1000.00
60.00 30.00 -1000.00 50.00 30.00 -1000.00 60.00 20.00 -1000.00
60.00 20.00 1000.00 60.00 30.00 1000.00 70.00 20.00 1000.00
70.00 30.00 1000.00 60.00 30.00 1000.00 70.00 20.00 1000.00
60.00 20.00 -1000.00 60.00 30.00 -1000.00 70.00 20.00 -1000.00
70.00 30.00 -1000.00 60.00 30.00 -1000.00 70.00 20.00 -1000.00
70.00 20.00 1000.00 70.00 30.00 1000.00 80.00 20.00 1000.00
80.00 30.00 1000.00 70.00 30.00 1000.00 80.00 20.00 1000.00
70.00 20.00 -1000.00 70.00 30.00 -1000.00 80.00 20.00 -1000.00
80.00 30.00 -1000.00 70.00 30.00 -1000.00 80.00 20.00 -1000.00
80.00 20.00 1000.00 80.00 30.00 1000.00 90.00 20.00 1000.00
90.00 30.00 1000.00 80.00 30.00 1000.00 90.00 20.00 1000.00
80.00 20.00 -1000.00 80.00 30.00 -1000.00 90.00 20.00 -1000.00
90.00 30.00 -1000.00 80.00 30.00 -1000.00 90.00 20.00 -1000.00
90.00 20.00 1000.00 90.00 30.00 1000.00 100.00 20.00 1000.00
100.00 30.00 1000.00 90.00 30.00 1000.00 100.00 20.00 1000.00
90.00 20.00 -1000.00 90.00 30.00 -1000.00 100.00 20.00 -1000.00
100.00 30.00 -1000.00 90.00 30.00 -1000.00 100.00 20.00 -1000.00
0.00 30.00 1000.00 0.00 40.00 1000.00 10.00 30.00 1000.00
10.00 40.00 1000.00 0.00 40.00 1000.00 10.00 30.00 1000.00
0.00 30.00 -1000.00 0.00 40.00 -1000.00 10.00 30.00 -1000.00
10.00 40.00 -1000.00 0.00 40.00 -1000.00 10.00 30.00 -1000.00
10.00 30.00 1000.00 10.00 40.00 1000.00 20.00 30.00 1000.00
20.00 40.00 1000.00 10.00 40.00 1000.00 20.00 30.00 1000.00
10.00 30.00 -1000.00 10.00 40.00 -1000.00 20.00 30.00 -1000.00
20.00 40.00 -1000.00 10.00 40.00 -1000.00 20.00 30.00 -1000.00
20.00 30.00 1000.00 20.00 40.00 1000.00 30.00 30.00 1000.00
30.00 40.00 1000.00 20.00 40.00 1000.00 30.00 30.00 1000.00
20.00 30.00 -1000.00 20.00 40.00 -1000.00 30.00 30.00 -1000.00
30.00 40.00 -1000.00 20.00 40.00 -1000.00 30.00 30.00 -1000.00
30.00 30.00 1000.00 30.00 40.00 1000.00 40.00 30.00 1000.00
40.00 40.00 1000.00 30.00 40.00 1000.00 40.00 30.00 1000.00
30.00 30.00 -1000.00 30.00 40.00 -1000.00 40.00 30.00 -1000.00
40.00 40.00 -1000.00 30.00 40.00 -1000.00 40.00 30.00 -1000.00
40.00 30.00 1000.00 40.00 40.00 1000.00 50.00 30.00 1000.00
50.00 40.00 1000.00 40.00 40.00 1000.00 50.00 30.00 1000.00
40.00 30.00 -1000.00 40.00 40.00 -1000.00 50.00 30.00 -1000.00
50.00 40.00 -1000.00 40.00 40.00 -1000.00 50.00 30.00 -1000.00
50.00 30.00 1000.00 50.00 40.00 1000.00 60.00 30.00 1000.00
60.00 40.00 1000.00 50.00 40.00 1000.00 60.00 30.00 1000.00
50.00 30.00 -1000.00 50.00 40.00 -1000.00 60.00 30.00 -1000.00
60.00 40.00 -1000.00 50.00 40.00 -1000.00 60.00 30.00 -1000.00
60.00 30.00 1000.00 60.00 40.00 1000.00 70.00 30.00 1000.00
70.00 40.00 1000.00 60.00 40.00 1000.00 70.00 30.00 1000.00
60.00 30.00 -1000.00 60.00 40.00 -1000.00 70.00 30.00 -1000.00
70.00 40.00 -1000.00 60.00 40.00 -1000.00 70.00 30.00 -1000.00
70.00 30.00 1000.00 70.00 40.00 1000.00 80.00 30.00 1000.00
80.00 40.00 1000.00 70.00 40.00 1000.00 80.00 30.00 1000.00
70.00 30.00 -1000.00 70.00 40.00 -1000.00 80.00 30.00 -1000.00
80.00 40.00 -1000.00 70.00 40.00 -1000.00 80.00 30.00 -1000.00
80.00 30.00 1000.00 80.00 40.00 1000.00 90.00 30.00 1000.00
90.00 40.00 1000.00 80.00 40.00 1000.00 90.00 30.00 1000.00
80.00 30.00 -1000.00 80.00 40.00 -1000.00 90.00 30.00 -1000.00
90.00 40.00 -1000.00 80.00 40.00 -1000.00 90.00 30.00 -1000.00
90.00 30.00 1000.00 90.00 40.00 1000.00 100.00 30.00 1000.00
100.00 40.00 1000.00 90.00 40.00 1000.00 100.00 30.00 1000.00
90.00 30.00 -1000.00 90.00 40.00 -1000.00 100.00 30.00 -1000.00
100.00 40.00 -1000.00 90.00 40.00 -1000.00 100.00 30.00 -1000.00
0.00 40.00 1000.00 0.00 50.00 1000.00 10.00 40.00 1000.00
10.00 50.00 1000.00 0.00 50.00 1000.00 10.00 40.00 1000.00
0.00 40.00 -1000.00 0.00 50.00 -1000.00 10.00 40.00 -1000.00
10.00 50.00 -1000.00 0.00 50.00 -1000.00 10.00 40.00 -1000.00
10.00 40.00 1000.00 10.00 50.00 1000.00 20.00 40.00 1000.00
20.00 50.00 1000.00 10.00 50.00 1000.00 20.00 40.00 1000.00
10.00 40.00 -1000.00 10.00 50.00 -1000.00 20.00 40.00 -1000.00
20.00 50.00 -1000.00 10.00 50.00 -1000.00 20.00 40.00 -1000.00
20.00 40.00 1000.00 20.00 50.00 1000.00 30.00 40.00 1000.00
30.00 50.00 1000.00 20.00 50.00 1000.00 30.00 40.00 1000.00
20.00 40.00 -1000.00 20.00 50.00 -1000.00 30.00 40.00 -1000.00
30.00 50.00 -1000.00 20.00 50.00 -1000.00 30.00 40.00 -1000.00
30.00 40.00 1000.00 30.00 50.00 1000.00 40.00 40.00 1000.00
40.00 50.00 1000.00 30.00 50.00 1000.00 40.00 40.00 1000.00
30.00 40.00 -1000.00 30.00 50.00 -1000.00 40.00 40.00 -1000.00
40.00 50.00 -1000.00 30.00 50.00 -1000.00 40.00 40.00 -1000.00
40.00 40.00 1000.00 40.00 50.00 1000.00 50.00 40.00 1000.00
50.00 50.00 1000.00 40.00 50.00 1000.00 50.00 40.00 1000.00
40.00 40.00 -1000.00 40.00 50.00 -1000.00 50.00 40.00 -1000.00
50.00 50.00 -1000.00 40.00 50.00 -1000.00 50.00 40.00 -1000.00
50.00 40.00 1000.00 50.00 50.00 1000.00 60.00 40.00 1000.00
60.00 50.00 1000.00 50.00 50.00 1000.00 60.00 40.00 1000.00
50.00 40.00 -1000.00 50.00 50.00 -1000.00 60.00 40.00 -1000.00
60.00 50.00 -1000.00 50.00 50.00 -1000.00 60.00 40.00 -1000.00
60.00 40.00 1000.00 60.00 50.00 1000.00 70.00 40.00 1000.00
70.00 50.00 1000.00 60.00 50.00 1000.00 70.00 40.00 1000.00
60.00 40.00 -1000.00 60.00 50.00 -1000.00 70.00 40.00 -1000.00
70.00 50.00 -1000.00 60.00 50.00 -1000.00 70.00 40.00 -1000.00
70.00 40.00 1000.00 70.00 50.00 1000.00 80.00 40.00 1000.00
80.00 50.00 1000.00 70.00 50.00 1000.00 80.00 40.00 1000.00
70.00 40.00 -1000.00 70.00 50.00 -1000.00 80.00 40.00 -1000.00
80.00 50.00 -1000.00 70.00 50.00 -1000.00 80.00 40.00 -1000.00
80.00 40.00 1000.00 80.00 50.00 1000.00 90.00 40.00 1000.00
90.00 50.00 1000.00 80.00 50.00 1000.00 90.00 40.00 1000.00
80.00 40.00 -1000.00 80.00 50.00 -1000.00 90.00 40.00 -1000.00
90.00 50.00 -1000.00 80.00 50.00 -1000.00 90.00 40.00 -1000.00
90.00 40.00 1000.00 90.00 50.00 1000.00 100.00 40.00 1000.00
100.00 50.00 1000.00 90.00 50.00 1000.00 100.00 40.00 1000.00
90.00 40.00 -1000.00 90.00 50.00 -1000.00 100.00 40.00 -1000.00
100.00 50.00 -1000.00 90.00 50.00 -1000.00 100.00 40.00 -1000.00
0.00 50.00 1000.00 0.00 60.00 1000.00 10.00 50.00 1000.00
10.00 60.00 1000.00 0.00 60.00 1000.00 10.00 50.00 1000.00
0.00 50.00 -1000.00 0.00 60.00 -1000.00 10.00 50.00 -1000.00
10.00 60.00 -1000.00 0.00 60.00 -1000.00 10.00 50.00 -1000.00
10.00 50.00 1000.00 10.00 60.00 1000.00 20.00 50.00 1000.00
20.00 60.00 1000.00 10.00 60.00 1000.00 20.00 50.00 1000.00
10.00 50.00 -1000.00 10.00 60.00 -1000.00 20.00 50.00 -1000.00
20.00 60.00 -1000.00 10.00 60.00 -1000.00 20.00 50.00 -1000.00
20.00 50.00 1000.00 20.00 60.00 1000.00 30.00 50.00 1000.00
30.00 60.00 1000.00 20.00 60.00 1000.00 30.00 50.00 1000.00
20.00 50.00 -1000.00 20.00 60.00 -1000.00 30.00 50.00 -1000.00
30.00 60.00 -1000.00 20.00 60.00 -1000.00 30.00 50.00 -1000.00
30.00 50.00 1000.00 30.00 60.00 1000.00 40.00 50.00 1000.00
40.00 60.00 1000.00 30.00 60.00 1000.00 40.00 50.00 1000.00
30.00 50.00 -1000.00 30.00 60.00 -1000.00 40.00 50.00 -1000.00
40.00 60.00 -1000.00 30.00 60.00 -1000.00 40.00 50.00 -1000.00
40.00 50.00 1000.00 40.00 60.00 1000.00 50.00 50.00 1000.00
50.00 60.00 1000.00 40.00 60.00 1000.00 50.00 50.00 1000.00
40.00 50.00 -1000.00 40.00 60.00 -1000.00 50.00 50.00 -1000.00
50.00 60.00 -1000.00 40.00 60.00 -1000.00 50.00 50.00 -1000.00
50.00 50.00 1000.00 50.00 60.00 1000.00 60.00 50.00 1000.00
60.00 60.00 1000.00 50.00 60.00 1000.00 60.00 50.00 1000.00
50.00 50.00 -1000.00 50.00 60.00 -1000.00 60.00 50.00 -1000.00
60.00 60.00 -1000.00 50.00 60.00 -1000.00 60.00 50.00 -1000.00
60.00 50.00 1000.00 60.00 60.00 1000.00 70.00 50.00 1000.00
70.00 60.00 1000.00 60.00 60.00 1000.00 70.00 50.00 1000.00
60.00 50.00 -1000.00 60.00 60.00 -1000.00 70.00 50.00 -1000.00
70.00 60.00 -1000.00 60.00 60.00 -1000.00 70.00 50.00 -1000.00
70.00 50.00 1000.00 70.00 60.00 1000.00 80.00 50.00 1000.00
80.00 60.00 1000.00 70.00 60.00 1000.00 80.00 50.00 1000.00
70.00 50.00 -1000.00 70.00 60.00 -1000.00 80.00 50.00 -1000.00
80.00 60.00 -1000.00 70.00 60.00 -1000.00 80.00 50.00 -1000.00
80.00 50.00 1000.00 80.00 60.00 1000.00 90.00 50.00 1000.00
90.00 60.00 1000.00 80.00 60.00 1000.00 90.00 50.00 1000.00
80.00 50.00 -1000.00 80.00 60.00 -1000.00 90.00 50.00 -1000.00
90.00 60.00 -1000.00 80.00 60.00 -1000.00 90.00 50.00 -1000.00
90.00 50.00 1000.00 90.00 60.00 1000.00 100.00 50.00 1000.00
100.00 60.00 1000.00 90.00 60.00 1000.00 100.00 50.00 1000.00
90.00 50.00 -1000.00 90.00 60.00 -1000.00 100.00 50.00 -1000.00
100.00 60.00 -1000.00 90.00 60.00 -1000.00 100.00 50.00 -1000.00
0.00 60.00 1000.00 0.00 70.00 1000.00 10.00 60.00 1000.00
10.00 70.00 1000.00 0.00 70.00 1000.00 10.00 60.00 1000.00
0.00 60.00 -1000.00 0.00 70.00 -1000.00 10.00 60.00 -1000.00
10.00 70.00 -1000.00 0.00 70.00 -1000.00 10.00 60.00 -1000.00
10.00 60.00 1000.00 10.00 70.00 1000.00 20.00 60.00 1000.00
20.00 70.00 1000.00 10.00 70.00 1000.00 20.00 60.00 1000.00
10.00 60.00 -1000.00 10.00 70.00 -1000.00 20.00 60.00 -1000.00
20.00 70.00 -1000.00 10.00 70.00 -1000.00 20.00 60.00 -1000.00
20.00 60.00 1000.00 20.00 70.00 1000.00 30.00 60.00 1000.00
30.00 70.00 1000.00 20.00 70.00 1000.00 30.00 60.00 1000.00
20.00 60.00 -1000.00 20.00 70.00 -1000.00 30.00 60.00 -1000.00
30.00 70.00 -1000.00 20.00 70.00 -1000.00 30.00 60.00 -1000.00
30.00 60.00 1000.00 30.00 70.00 1000.00 40.00 60.00 1000.00
40.00 70.00 1000.00 30.00 70.00 1000.00 40.00 60.00 1000.00
30.00 60.00 -1000.00 30.00 70.00 -1000.00 40.00 60.00 -1000.00
40.00 70.00 -1000.00 30.00 70.00 -1000.00 40.00 60.00 -1000.00
40.00 60.00 1000.00 40.00 70.00 1000.00 50.00 60.00 1000.00
50.00 70.00 1000.00 40.00 70.00 1000.00 50.00 60.00 1000.00
40.00 60.00 -1000.00 40.00 70.00 -1000.00 50.00 60.00 -1000.00
50.00 70.00 -1000.00 40.00 70.00 -1000.00 50.00 60.00 -1000.00
50.00 60.00 1000.00 50.00 70.00 1000.00 60.00 60.00 1000.00
60.00 70.00 1000.00 50.00 70.00 1000.00 60.00 60.00 1000.00
50.00 60.00 -1000.00 50.00 70.00 -1000.00 60.00 60.00 -1000.00
60.00 70.00 -1000.00 50.00 70.00 -1000.00 60.00 60.00 -1000.00
60.00 60.00 1000.00 60.00 70.00 1000.00 70.00 60.00 1000.00
70.00 70.00 1000.00 60.00 70.00 1000.00 70.00 60.00 1000.00
60.00 60.00 -1000.00 60.00 70.00 -1000.00 70.00 60.00 -1000.00
70.00 70.00 -1000.00 60.00 70.00 -1000.00 70.00 60.00 -1000.00
70.00 60.00 1000.00 70.00 70.00 1000.00 80.00 60.00 1000.00
80.00 70.00 1000.00 70.00 70.00 1000.00 80.00 60.00 1000.00
70.00 60.00 -1000.00 70.00 70.00 -1000.00 80.00 60.00 -1000.00
80.00 70.00 -1000.00 70.00 70.00 -1000.00 80.00 60.00 -1000.00
80.00 60.00 1000.00 80.00 70.00 1000.00 90.00 60.00 1000.00
90.00 70.00 1000.00 80.00 70.00 1000.00 90.00 60.00 1000.00
80.00 60.00 -1000.00 80.00 70.00 -1000.00 90.00 60.00 -1000.00
90.00 70.00 -1000.00 80.00 70.00 -1000.00 90.00 60.00 -1000.00
90.00 60.00 1000.00 90.00 70.00 1000.00 100.00 60.00 1000.00
100.00 70.00 1000.00 90.00 70.00 1000.00 100.00 60.00 1000.00
90.00 60.00 -1000.00 90.00 70.00 -1000.00 100.00 60.00 -1000.00
100.00 70.00 -1000.00 90.00 70.00 -1000.00 100.00 60.00 -1000.00
0.00 70.00 1000.00 0.00 80.00 1000.00 10.00 70.00 1000.00
10.00 80.00 1000.00 0.00 80.00 1000.00 10.00 70.00 1000.00
0.00 70.00 -1000.00 0.00 80.00 -1000.00 10.00 70.00 -1000.00
10.00 80.00 -1000.00 0.00 80.00 -1000.00 10.00 70.00 -1000.00
10.00 70.00 1000.00 10.00 80.00 1000.00 20.00 70.00 1000.00
20.00 80.00 1000.00 10.00 80.00 1000.00 20.00 70.00 1000.00
10.00 70.00 -1000.00 10.00 80.00 -1000.00 20.00 70.00 -1000.00
20.00 80.00 -1000.00 10.00 80.00 -1000.00 20.00 70.00 -1000.00
20.00 70.00 1000.00 20.00 80.00 1000.00 30.00 70.00 1000.00
30.00 80.00 1000.00 20.00 80.00 1000.00 30.00 70.00 1000.00
20.00 70.00 -1000.00 20.00 80.00 -1000.00 30.00 70.00 -1000.00
30.00 80.00 -1000.00 20.00 80.00 -1000.00 30.00 70.00 -1000.00
30.00 70.00 1000.00 30.00 80.00 1000.00 40.00 70.00 1000.00
40.00 80.00 1000.00 30.00 80.00 1000.00 40.00 70.00 1000.00
30.00 70.00 -1000.00 30.00 80.00 -1000.00 40.00 70.00 -1000.00
40.00 80.00 -1000.00 30.00 80.00 -1000.00 40.00 70.00 -1000.00
40.00 70.00 1000.00 40.00 80.00 1000.00 50.00 70.00 1000.00
50.00 80.00 1000.00 40.00 80.00 1000.00 50.00 70.00 1000.00
40.00 70.00 -1000.00 40.00 80.00 -1000.00 50.00 70.00 -1000.00
50.00 80.00 -1000.00 40.00 80.00 -1000.00 50.00 70.00 -1000.00
50.00 70.00 1000.00 50.00 80.00 1000.00 60.00 70.00 1000.00
60.00 80.00 1000.00 50.00 80.00 1000.00 60.00 70.00 1000.00
50.00 70.00 -1000.00 50.00 80.00 -1000.00 60.00 70.00 -1000.00
60.00 80.00 -1000.00 50.00 80.00 -1000.00 60.00 70.00 -1000.00
60.00 70.00 1000.00 60.00 80.00 1000.00 70.00 70.00 1000.00
70.00 80.00 1000.00 60.00 80.00 1000.00 70.00 70.00 1000.00
60.00 70.00 -1000.00 60.00 80.00 -1000.00 70.00 70.00 -1000.00
70.00 80.00 -1000.00 60.00 80.00 -1000.00 70.00 70.00 -1000.00
70.00 70.00 1000.00 70.00 80.00 1000.00 80.00 70.00 1000.00
80.00 80.00 1000.00 70.00 80.00 1000.00 80.00 70.00 1000.00
70.00 70.00 -1000.00 70.00 80.00 -1000.00 80.00 70.00 -1000.00
80.00 80.00 -1000.00 70.00 80.00 -1000.00 80.00 70.00 -1000.00
80.00 70.00 1000.00 80.00 80.00 1000.00 90.00 70.00 1000.00
90.00 80.00 1000.00 80.00 80.00 1000.00 90.00 70.00 1000.00
80.00 70.00 -1000.00 80.00 80.00 -1000.00 90.00 70.00 -1000.00
90.00 80.00 -1000.00 80.00 80.00 -1000.00 90.00 70.00 -1000.00
90.00 70.00 1000.00 90.00 80.00 1000.00 100.00 70.00 1000.00
100.00 80.00 1000.00 90.00 80.00 1000.00 100.00 70.00 1000.00
90.00 70.00 -1000.00 90.00 80.00 -1000.00 100.00 70.00 -1000.00
100.00 80.00 -1000.00 90.00 80.00 -1000.00 100.00 70.00 -1000.00
0.00 80.00 1000.00 0.00 90.00 1000.00 10.00 80.00 1000.00
10.00 90.00 1000.00 0.00 90.00 1000.00 10.00 80.00 1000.00
0.00 80.00 -1000.00 0.00 90.00 -1000.00 10.00 80.00 -1000.00
10.00 90.00 -1000.00 0.00 90.00 -1000.00 10.00 80.00 -1000.00
10.00 80.00 1000.00 10.00 90.00 1000.00 20.00 80.00 1000.00
20.00 90.00 1000.00 10.00 90.00 1000.00 20.00 80.00 1000.00
10.00 80.00 -1000.00 10.00 90.00 -1000.00 20.00 80.00 -1000.00
20.00 90.00 -1000.00 10.00 90.00 -1000.00 20.00 80.00 -1000.00
20.00 80.00 1000.00 20.00 90.00 1000.00 30.00 80.00 1000.00
30.00 90.00 1000.00 20.00 90.00 1000.00 30.00 80.00 1000.00
20.00 80.00 -1000.00 20.00 90.00 -1000.00 30.00 80.00 -1000.00
30.00 90.00 -1000.00 20.00 90.00 -1000.00 30.00 80.00 -1000.00
30.00 80.00 1000.00 30.00 90.00 1000.00 40.00 80.00 1000.00
40.00 90.00 1000.00 30.00 90.00 1000.00 40.00 80.00 1000.00
30.00 80.00 -1000.00 30.00 90.00 -1000.00 40.00 80.00 -1000.00
40.00 90.00 -1000.00 30.00 90.00 -1000.00 40.00 80.00 -1000.00
40.00 80.00 1000.00 40.00 90.00 1000.00 50.00 80.00 1000.00
50.00 90.00 1000.00 40.00 90.00 1000.00 50.00 80.00 1000.00
40.00 80.00 -1000.00 40.00 90.00 -1000.00 50.00 80.00 -1000.00
50.00 90.00 -1000.00 40.00 90.00 -1000.00 50.00 80.00 -1000.00
50.00 80.00 1000.00 50.00 90.00 1000.00 60.00 80.00 1000.00
60.00 90.00 1000.00 50.00 90.00 1000.00 60.00 80.00 1000.00
50.00 80.00 -1000.00 50.00 90.00 -1000.00 60.00 80.00 -1000.00
60.00 90.00 -1000.00 50.00 90.00 -1000.00 60.00 80.00 -1000.00
60.00 80.00 1000.00 60.00 90.00 1000.00 70.00 80.00 1000.00
70.00 90.00 1000.00 60.00 90.00 1000.00 70.00 80.00 1000.00
60.00 80.00 -1000.00 60.00 90.00 -1000.00 70.00 80.00 -1000.00
70.00 90.00 -1000.00 60.00 90.00 -1000.00 70.00 80.00 -1000.00
70.00 80.00 1000.00 70.00 90.00 1000.00 80.00 80.00 1000.00
80.00 90.00 1000.00 70.00 90.00 1000.00 80.00 80.00 1000.00
70.00 80.00 -1000.00 70.00 90.00 -1000.00 80.00 80.00 -1000.00
80.00 90.00 -1000.00 70.00 90.00 -1000.00 80.00 80.00 -1000.00
80.00 80.00 1000.00 80.00 90.00 1000.00 90.00 80.00 1000.00
90.00 90.00 1000.00 80.00 90.00 1000.00 90.00 80.00 1000.00
80.00 80.00 -1000.00 80.00 90.00 -1000.00 90.00 80.00 -1000.00
90.00 90.00 -1000.00 80.00 90.00 -1000.00 90.00 80.00 -1000.00
90.00 80.00 1000.00 90.00 90.00 1000.00 100.00 80.00 1000.00
100.00 90.00 1000.00 90.00 90.00 1000.00 100.00 80.00 1000.00
90.00 80.00 -1000.00 90.00 90.00 -1000.00 100.00 80.00 -1000.00
100.00 90.00 -1000.00 90.00 90.00 -1000.00 100.00 80.00 -1000.00
0.00 90.00 1000.00 0.00 100.00 1000.00 10.00 90.00 1000.00
10.00 100.00 1000.00 0.00 100.00 1000.00 10.00 90.00 1000.00
0.00 90.00 -1000.00 0.00 100.00 -1000.00 10.00 90.00 -1000.00
10.00 100.00 -1000.00 0.00 100.00 -1000.00 10.00 90.00 -1000.00
10.00 90.00 1000.00 10.00 100.00 1000.00 20.00 90.00 1000.00
20.00 100.00 1000.00 10.00 100.00 1000.00 20.00 90.00 1000.00
10.00 90.00 -1000.00 10.00 100.00 -1000.00 20.00 90.00 -1000.00
20.00 100.00 -1000.00 10.00 100.00 -1000.00 20.00 90.00 -1000.00
20.00 90.00 1000.00 20.00 100.00 1000.00 30.00 90.00 1000.00
30.00 100.00 1000.00 20.00 100.00 1000.00 30.00 90.00 1000.00
20.00 90.00 -1000.00 20.00 100.00 -1000.00 30.00 90.00 -1000.00
30.00 100.00 -1000.00 20.00 100.00 -1000.00 30.00 90.00 -1000.00
30.00 90.00 1000.00 30.00 100.00 1000.00 40.00 90.00 1000.00
40.00 100.00 1000.00 30.00 100.00 1000.00 40.00 90.00 1000.00
30.00 90.00 -1000.00 30.00 100.00 -1000.00 40.00 90.00 -1000.00
40.00 100.00 -1000.00 30.00 100.00 -1000.00 40.00 90.00 -1000.00
40.00 90.00 1000.00 40.00 100.00 1000.00 50.00 90.00 1000.00
50.00 100.00 1000.00 40.00 100.00 1000.00 50.00 90.00 1000.00
40.00 90.00 -1000.00 40.00 100.00 -1000.00 50.00 90.00 -1000.00
50.00 100.00 -1000.00 40.00 100.00 -1000.00 50.00 90.00 -1000.00
50.00 90.00 1000.00 50.00 100.00 1000.00 60.00 90.00 1000.00
60.00 100.00 1000.00 50.00 100.00 1000.00 60.00 90.00 1000.00
50.00 90.00 -1000.00 50.00 100.00 -1000.00 60.00 90.00 -1000.00
60.00 100.00 -1000.00 50.00 100.00 -1000.00 60.00 90.00 -1000.00
60.00 90.00 1000.00 60.00 100.00 1000.00 70.00 90.00 1000.00
70.00 100.00 1000.00 60.00 100.00 1000.00 70.00 90.00 1000.00
60.00 90.00 -1000.00 60.00 100.00 -1000.00 70.00 90.00 -1000.00
70.00 100.00 -1000.00 60.00 100.00 -1000.00 70.00 90.00 -1000.00
70.00 90.00 1000.00 70.00 100.00 1000.00 80.00 90.00 1000.00
80.00 100.00 1000.00 70.00 100.00 1000.00 80.00 90.00 1000.00
70.00 90.00 -1000.00 70.00 100.00 -1000.00 80.00 90.00 -1000.00
80.00 100.00 -1000.00 70.00 100.00 -1000.00 80.00 90.00 -1000.00
80.00 90.00 1000.00 80.00 100.00 1000.00 90.00 90.00 1000.00
90.00 100.00 1000.00 80.00 100.00 1000.00 90.00 90.00 1000.00
80.00 90.00 -1000.00 80.00 100.00 -1000.00 90.00 90.00 -1000.00
90.00 100.00 -1000.00 80.00 100.00 -1000.00 90.00 90.00 -1000.00
90.00 90.00 1000.00 90.00 100.00 1000.00 100.00 90.00 1000.00
100.00 100.00 1000.00 90.00 100.00 1000.00 100.00 90.00 1000.00
90.00 90.00 -1000.00 90.00 100.00 -1000.00 100.00 90.00 -1000.00
100.00 100.00 -1000.00 90.00 100.00 -1000.00 100.00 90.00 -1000.00
5.00 5.00 0.00 0.00 0.00 6.10
5.00 5.00 0.00 0.00 0.00 -9.10
5.00 5.00 0.00 0.00 6.90 0.00
5.00 5.00 0.00 0.00 -2.70 0.00
15.00 5.00 0.00 0.00 0.00 6.60
15.00 5.00 0.00 0.00 0.00 -1.60
15.00 5.00 0.00 0.00 5.70 0.00
15.00 5.00 0.00 0.00 -8.80 0.00
25.00 5.00 0.00 0.00 0.00 5.70
25.00 5.00 0.00 0.00 0.00 -0.50
25.00 5.00 0.00 0.00 6.20 0.00
25.00 5.00 0.00 0.00 -7.90 0.00
35.00 5.00 0.00 0.00 0.00 2.50
35.00 5.00 0.00 0.00 0.00 -7.40
35.00 5.00 0.00 0.00 7.00 0.00
35.00 5.00 0.00 0.00 -6.10 0.00
45.00 5.00 0.00 0.00 0.00 8.10
45.00 5.00 0.00 0.00 0.00 -5.10
45.00 5.00 0.00 0.00 7.00 0.00
45.00 5.00 0.00 0.00 -5.70 0.00
55.00 5.00 0.00 0.00 0.00 3.80
55.00 5.00 0.00 0.00 0.00 -9.90
55.00 5.00 0.00 0.00 3.80 0.00
55.00 5.00 0.00 0.00 -2.80 0.00
65.00 5.00 0.00 0.00 0.00 2.40
65.00 5.00 0.00 0.00 0.00 -2.40
65.00 5.00 0.00 0.00 6.00 0.00
65.00 5.00 0.00 0.00 -5.30 0.00
75.00 5.00 0.00 0.00 0.00 4.80
75.00 5.00 0.00 0.00 0.00 -4.50
75.00 5.00 0.00 0.00 2.00 0.00
75.00 5.00 0.00 0.00 -6.00 0.00
85.00 5.00 0.00 0.00 0.00 8.80
85.00 5.00 0.00 0.00 0.00 -8.80
85.00 5.00 0.00 0.00 8.70 0.00
85.00 5.00 0.00 0.00 -5.30 0.00
95.00 5.00 0.00 0.00 0.00 5.50
95.00 5.00 0.00 0.00 0.00 -4.30
95.00 5.00 0.00 0.00 9.20 0.00
95.00 5.00 0.00 0.00 -1.20 0.00
5.00 15.00 0.00 0.00 0.00 9.90
5.00 15.00 0.00 0.00 0.00 -5.40
5.00 15.00 0.00 0.00 4.20 0.00
5.00 15.00 0.00 0.00 -7.60 0.00
15.00 15.00 0.00 0.00 0.00 2.70
15.00 15.00 0.00 0.00 0.00 -1.10
15.00 15.00 0.00 0.00 8.80 0.00
15.00 15.00 0.00 0.00 -0.70 0.00
25.00 15.00 0.00 0.00 0.00 1.40
25.00 15.00 0.00 0.00 0.00 -1.00
25.00 15.00 0.00 0.00 1.60 0.00
25.00 15.00 0.00 0.00 -5.10 0.00
35.00 15.00 0.00 0.00 0.00 6.00
35.00 15.00 0.00 0.00 0.00 -0.50
35.00 15.00 0.00 0.00 3.00 0.00
35.00 15.00 0.00 0.00 -8.30 0.00
45.00 15.00 0.00 0.00 0.00 2.90
45.00 15.00 0.00 0.00 0.00 -9.00
45.00 15.00 0.00 0.00 8.70 0.00
45.00 15.00 0.00 0.00 -2.80 0.00
55.00 15.00 0.00 0.00 0.00 8.60
55.00 15.00 0.00 0.00 0.00 -0.60
55.00 15.00 0.00 0.00 8.80 0.00
55.00 15.00 0.00 0.00 -7.30 0.00
65.00 15.00 0.00 0.00 0.00 4.60
65.00 15.00 0.00 0.00 0.00 -2.60
65.00 15.00 0.00 0.00 7.70 0.00
65.00 15.00 0.00 0.00 -10.00 0.00
75.00 15.00 0.00 0.00 0.00 2.00
75.00 15.00 0.00 0.00 0.00 -6.90
75.00 15.00 0.00 0.00 6.30 0.00
75.00 15.00 0.00 0.00 -1.80 0.00
85.00 15.00 0.00 0.00 0.00 7.40
85.00 15.00 0.00 0.00 0.00 -0.50
85.00 15.00 0.00 0.00 4.50 0.00
85.00 15.00 0.00 0.00 -5.20 0.00
95.00 15.00 0.00 0.00 0.00 6.70
95.00 15.00 0.00 0.00 0.00 -3.30
95.00 15.00 0.00 0.00 5.80 0.00
95.00 15.00 0.00 0.00 -8.00 0.00
5.00 25.00 0.00 0.00 0.00 9.40
5.00 25.00 0.00 0.00 0.00 -2.50
5.00 25.00 0.00 0.00 8.20 0.00
5.00 25.00 0.00 0.00 -5.30 0.00
15.00 25.00 0.00 0.00 0.00 3.00
15.00 25.00 0.00 0.00 0.00 -1.20
15.00 25.00 0.00 0.00 8.70 0.00
15.00 25.00 0.00 0.00 -1.00 0.00
25.00 25.00 0.00 0.00 0.00 0.10
25.00 25.00 0.00 0.00 0.00 -2.60
25.00 25.00 0.00 0.00 8.90 0.00
25.00 25.00 0.00 0.00 -3.80 0.00
35.00 25.00 0.00 0.00 0.00 3.10
35.00 25.00 0.00 0.00 0.00 -7.60
35.00 25.00 0.00 0.00 6.30 0.00
35.00 25.00 0.00 0.00 -2.80 0.00
45.00 25.00 0.00 0.00 0.00 0.10
45.00 25.00 0.00 0.00 0.00 -3.90
45.00 25.00 0.00 0.00 2.80 0.00
45.00 25.00 0.00 0.00 -2.00 0.00
55.00 25.00 0.00 0.00 0.00 0.70
55.00 25.00 0.00 0.00 0.00 -4.20
55.00 25.00 0.00 0.00 9.00 0.00
55.00 25.00 0.00 0.00 -3.20 0.00
65.00 25.00 0.00 0.00 0.00 4.60
65.00 25.00 0.00 0.00 0.00 -8.60
65.00 25.00 0.00 0.00 8.30 0.00
65.00 25.00 0.00 0.00 -1.30 0.00
75.00 25.00 0.00 0.00 0.00 7.00
75.00 25.00 0.00 0.00 0.00 -4.10
75.00 25.00 0.00 0.00 4.40 0.00
75.00 25.00 0.00 0.00 -6.30 0.00
85.00 25.00 0.00 0.00 0.00 1.70
85.00 25.00 0.00 0.00 0.00 -2.60
85.00 25.00 0.00 0.00 1.50 0.00
85.00 25.00 0.00 0.00 -9.80 0.00
95.00 25.00 0.00 0.00 0.00 3.70
95.00 25.00 0.00 0.00 0.00 -5.40
95.00 25.00 0.00 0.00 0.70 0.00
95.00 25.00 0.00 0.00 -8.90 0.00
5.00 35.00 0.00 0.00 0.00 7.90
5.00 35.00 0.00 0.00 0.00 -9.60
5.00 35.00 0.00 0.00 2.60 0.00
5.00 35.00 0.00 0.00 -0.90 0.00
15.00 35.00 0.00 0.00 0.00 2.30
15.00 35.00 0.00 0.00 0.00 -8.80
15.00 35.00 0.00 0.00 8.90 0.00
15.00 35.00 0.00 0.00 -7.60 0.00
25.00 35.00 0.00 0.00 0.00 7.90
25.00 35.00 0.00 0.00 0.00 -6.80
25.00 35.00 0.00 0.00 4.70 0.00
25.00 35.00 0.00 0.00 -3.70 0.00
35.00 35.00 0.00 0.00 0.00 0.90
35.00 35.00 0.00 0.00 0.00 -8.80
35.00 35.00 0.00 0.00 6.90 0.00
35.00 35.00 0.00 0.00 -0.70 0.00
45.00 35.00 0.00 0.00 0.00 7.40
45.00 35.00 0.00 0.00 0.00 -5.10
45.00 35.00 0.00 0.00 1.90 0.00
45.00 35.00 0.00 0.00 -4.30 0.00
55.00 35.00 0.00 0.00 0.00 4.30
55.00 35.00 0.00 0.00 0.00 -1.40
55.00 35.00 0.00 0.00 0.60 0.00
55.00 35.00 0.00 0.00 -6.00 0.00
65.00 35.00 0.00 0.00 0.00 3.90
65.00 35.00 0.00 0.00 0.00 -7.20
65.00 35.00 0.00 0.00 5.70 0.00
65.00 35.00 0.00 0.00 -2.70 0.00
75.00 35.00 0.00 0.00 0.00 2.50
75.00 35.00 0.00 0.00 0.00 -1.60
75.00 35.00 0.00 0.00 1.50 0.00
75.00 35.00 0.00 0.00 -0.30 0.00
85.00 35.00 0.00 0.00 0.00 6.30
85.00 35.00 0.00 0.00 0.00 -9.30
85.00 35.00 0.00 0.00 6.40 0.00
85.00 35.00 0.00 0.00 -3.70 0.00
95.00 35.00 0.00 0.00 0.00 3.20
95.00 35.00 0.00 0.00 0.00 -0.40
95.00 35.00 0.00 0.00 1.20 0.00
95.00 35.00 0.00 0.00 -1.00 0.00
5.00 45.00 0.00 0.00 0.00 7.10
5.00 45.00 0.00 0.00 0.00 -1.10
5.00 45.00 0.00 0.00 4.70 0.00
5.00 45.00 0.00 0.00 -7.90 0.00
15.00 45.00 0.00 0.00 0.00 9.80
15.00 45.00 0.00 0.00 0.00 -1.50
15.00 45.00 0.00 0.00 3.70 0.00
15.00 45.00 0.00 0.00 -7.10 0.00
25.00 45.00 0.00 0.00 0.00 6.50
25.00 45.00 0.00 0.00 0.00 -0.70
25.00 45.00 0.00 0.00 6.60 0.00
25.00 45.00 0.00 0.00 -6.00 0.00
35.00 45.00 0.00 0.00 0.00 2.10
35.00 45.00 0.00 0.00 0.00 -2.30
35.00 45.00 0.00 0.00 1.90 0.00
35.00 45.00 0.00 0.00 -5.90 0.00
45.00 45.00 0.00 0.00 0.00 9.40
45.00 45.00 0.00 0.00 0.00 -2.70
45.00 45.00 0.00 0.00 8.60 0.00
45.00 45.00 0.00 0.00 -7.10 0.00
55.00 45.00 0.00 0.00 0.00 9.40
55.00 45.00 0.00 0.00 0.00 -5.20
55.00 45.00 0.00 0.00 2.50 0.00
55.00 45.00 0.00 0.00 -5.60 0.00
65.00 45.00 0.00 0.00 0.00 4.40
65.00 45.00 0.00 0.00 0.00 -4.00
65.00 45.00 0.00 0.00 4.50 0.00
65.00 45.00 0.00 0.00 -7.60 0.00
75.00 45.00 0.00 0.00 0.00 4.30
75.00 45.00 0.00 0.00 0.00 -5.60
75.00 45.00 0.00 0.00 3.70 0.00
75.00 45.00 0.00 0.00 -1.30 0.00
85.00 45.00 0.00 0.00 0.00 1.80
85.00 45.00 0.00 0.00 0.00 -3.50
85.00 45.00 0.00 0.00 4.40 0.00
85.00 45.00 0.00 0.00 -1.60 0.00
95.00 45.00 0.00 0.00 0.00 4.90
95.00 45.00 0.00 0.00 0.00 -8.00
95.00 45.00 0.00 0.00 3.80 0.00
95.00 45.00 0.00 0.00 -6.60 0.00
5.00 55.00 0.00 0.00 0.00 8.70
5.00 55.00 0.00 0.00 0.00 -0.30
5.00 55.00 0.00 0.00 2.50 0.00
5.00 55.00 0.00 0.00 -5.90 0.00
15.00 55.00 0.00 0.00 0.00 2.50
15.00 55.00 0.00 0.00 0.00 -9.50
15.00 55.00 0.00 0.00 6.90 0.00
15.00 55.00 0.00 0.00 -7.10 0.00
25.00 55.00 0.00 0.00 0.00 7.30
25.00 55.00 0.00 0.00 0.00 -0.60
25.00 55.00 0.00 0.00 9.30 0.00
25.00 55.00 0.00 0.00 -6.70 0.00
35.00 55.00 0.00 0.00 0.00 5.80
35.00 55.00 0.00 0.00 0.00 -1.70
35.00 55.00 0.00 0.00 7.40 0.00
35.00 55.00 0.00 0.00 -5.30 0.00
45.00 55.00 0.00 0.00 0.00 5.70
45.00 55.00 0.00 0.00 0.00 -1.80
45.00 55.00 0.00 0.00 8.00 0.00
45.00 55.00 0.00 0.00 -9.90 0.00
55.00 55.00 0.00 0.00 0.00 2.60
55.00 55.00 0.00 0.00 0.00 -1.70
55.00 55.00 0.00 0.00 6.40 0.00
55.00 55.00 0.00 0.00 -4.30 0.00
65.00 55.00 0.00 0.00 0.00 5.10
65.00 55.00 0.00 0.00 0.00 -5.90
65.00 55.00 0.00 0.00 1.00 0.00
65.00 55.00 0.00 0.00 -5.20 0.00
75.00 55.00 0.00 0.00 0.00 9.00
75.00 55.00 0.00 0.00 0.00 -4.80
75.00 55.00 0.00 0.00 6.90 0.00
75.00 55.00 0.00 0.00 -7.60 0.00
85.00 55.00 0.00 0.00 0.00 0.20
85.00 55.00 0.00 0.00 0.00 -4.50
85.00 55.00 0.00 0.00 8.60 0.00
85.00 55.00 0.00 0.00 -2.70 0.00
95.00 55.00 0.00 0.00 0.00 9.10
95.00 55.00 0.00 0.00 0.00 -5.50
95.00 55.00 0.00 0.00 4.90 0.00
95.00 55.00 0.00 0.00 -6.30 0.00
5.00 65.00 0.00 0.00 0.00 6.00
5.00 65.00 0.00 0.00 0.00 -4.10
5.00 65.00 0.00 0.00 8.10 0.00
5.00 65.00 0.00 0.00 -1.70 0.00
15.00 65.00 0.00 0.00 0.00 0.90
15.00 65.00 0.00 0.00 0.00 -0.70
15.00 65.00 0.00 0.00 7.00 0.00
15.00 65.00 0.00 0.00 -1.70 0.00
25.00 65.00 0.00 0.00 0.00 2.40
25.00 65.00 0.00 0.00 0.00 -0.10
25.00 65.00 0.00 0.00 6.80 0.00
25.00 65.00 0.00 0.00 -0.10 0.00
35.00 65.00 0.00 0.00 0.00 1.70
35.00 65.00 0.00 0.00 0.00 -3.10
35.00 65.00 0.00 0.00 4.40 0.00
35.00 65.00 0.00 0.00 -2.00 0.00
45.00 65.00 0.00 0.00 0.00 4.10
45.00 65.00 0.00 0.00 0.00 -0.50
45.00 65.00 0.00 0.00 7.10 0.00
45.00 65.00 0.00 0.00 -3.00 0.00
55.00 65.00 0.00 0.00 0.00 5.20
55.00 65.00 0.00 0.00 0.00 -3.90
55.00 65.00 0.00 0.00 0.60 0.00
55.00 65.00 0.00 0.00 -5.40 0.00
65.00 65.00 0.00 0.00 0.00 3.50
65.00 65.00 0.00 0.00 0.00 -9.10
65.00 65.00 0.00 0.00 3.20 0.00
65.00 65.00 0.00 0.00 -2.50 0.00
75.00 65.00 0.00 0.00 0.00 9.70
75.00 65.00 0.00 0.00 0.00 -3.20
75.00 65.00 0.00 0.00 8.70 0.00
75.00 65.00 0.00 0.00 -5.70 0.00
85.00 65.00 0.00 0.00 0.00 2.40
85.00 65.00 0.00 0.00 0.00 -2.00
85.00 65.00 0.00 0.00 7.30 0.00
85.00 65.00 0.00 0.00 -3.20 0.00
95.00 65.00 0.00 0.00 0.00 2.60
95.00 65.00 0.00 0.00 0.00 -9.40
95.00 65.00 0.00 0.00 4.90 0.00
95.00 65.00 0.00 0.00 -4.90 0.00
5.00 75.00 0.00 0.00 0.00 9.50
5.00 75.00 0.00 0.00 0.00 -6.80
5.00 75.00 0.00 0.00 0.20 0.00
5.00 75.00 0.00 0.00 -6.30 0.00
15.00 75.00 0.00 0.00 0.00 9.80
15.00 75.00 0.00 0.00 0.00 -9.70
15.00 75.00 0.00 0.00 8.20 0.00
15.00 75.00 0.00 0.00 -3.80 0.00
25.00 75.00 0.00 0.00 0.00 0.10
25.00 75.00 0.00 0.00 0.00 -0.40
25.00 75.00 0.00 0.00 6.70 0.00
25.00 75.00 0.00 0.00 -5.30 0.00
35.00 75.00 0.00 0.00 0.00 9.40
35.00 75.00 0.00 0.00 0.00 -2.40
35.00 75.00 0.00 0.00 5.80 0.00
35.00 75.00 0.00 0.00 -2.80 0.00
45.00 75.00 0.00 0.00 0.00 6.70
45.00 75.00 0.00 0.00 0.00 -4.10
45.00 75.00 0.00 0.00 5.20 0.00
45.00 75.00 0.00 0.00 -6.30 0.00
55.00 75.00 0.00 0.00 0.00 7.20
55.00 75.00 0.00 0.00 0.00 -9.10
55.00 75.00 0.00 0.00 7.10 0.00
55.00 75.00 0.00 0.00 -9.50 0.00
65.00 75.00 0.00 0.00 0.00 1.00
65.00 75.00 0.00 0.00 0.00 -9.60
65.00 75.00 0.00 0.00 7.80 0.00
65.00 75.00 0.00 0.00 -3.50 0.00
75.00 75.00 0.00 0.00 0.00 8.90
75.00 75.00 0.00 0.00 0.00 -7.80
75.00 75.00 0.00 0.00 3.50 0.00
75.00 75.00 0.00 0.00 -3.50 0.00
85.00 75.00 0.00 0.00 0.00 4.50
85.00 75.00 0.00 0.00 0.00 -3.60
85.00 75.00 0.00 0.00 5.00 0.00
85.00 75.00 0.00 0.00 -9.40 0.00
95.00 75.00 0.00 0.00 0.00 8.40
95.00 75.00 0.00 0.00 0.00 -3.10
95.00 75.00 0.00 0.00 3.10 0.00
95.00 75.00 0.00 0.00 -8.50 0.00
5.00 85.00 0.00 0.00 0.00 3.50
5.00 85.00 0.00 0.00 0.00 -5.00
5.00 85.00 0.00 0.00 8.90 0.00
5.00 85.00 0.00 0.00 -2.80 0.00
15.00 85.00 0.00 0.00 0.00 2.50
15.00 85.00 0.00 0.00 0.00 -4.60
15.00 85.00 0.00 0.00 0.80 0.00
15.00 85.00 0.00 0.00 -4.30 0.00
25.00 85.00 0.00 0.00 0.00 8.60
25.00 85.00 0.00 0.00 0.00 -5.90
25.00 85.00 0.00 0.00 5.80 0.00
25.00 85.00 0.00 0.00 -0.90 0.00
35.00 85.00 0.00 0.00 0.00 4.90
35.00 85.00 0.00 0.00 0.00 -2.80
35.00 85.00 0.00 0.00 0.30 0.00
35.00 85.00 0.00 0.00 -1.00 0.00
45.00 85.00 0.00 0.00 0.00 2.30
45.00 85.00 0.00 0.00 0.00 -3.20
45.00 85.00 0.00 0.00 4.40 0.00
45.00 85.00 0.00 0.00 -6.40 0.00
55.00 85.00 0.00 0.00 0.00 1.00
55.00 85.00 0.00 0.00 0.00 -3.10
55.00 85.00 0.00 0.00 5.00 0.00
55.00 85.00 0.00 0.00 -5.40 0.00
65.00 85.00 0.00 0.00 0.00 1.80
65.00 85.00 0.00 0.00 0.00 -9.90
65.00 85.00 0.00 0.00 4.80 0.00
65.00 85.00 0.00 0.00 -0.20 0.00
75.00 85.00 0.00 0.00 0.00 8.20
75.00 85.00 0.00 0.00 0.00 -3.00
75.00 85.00 0.00 0.00 3.80 0.00
75.00 85.00 0.00 0.00 -1.60 0.00
85.00 85.00 0.00 0.00 0.00 3.10
85.00 85.00 0.00 0.00 0.00 -2.60
85.00 85.00 0.00 0.00 9.50 0.00
85.00 85.00 0.00 0.00 -5.60 0.00
95.00 85.00 0.00 0.00 0.00 2.30
95.00 85.00 0.00 0.00 0.00 -0.20
95.00 85.00 0.00 0.00 5.00 0.00
95.00 85.00 0.00 0.00 -6.00 0.00
5.00 95.00 0.00 0.00 0.00 1.30
5.00 95.00 0.00 0.00 0.00 -0.70
5.00 95.00 0.00 0.00 6.80 0.00
5.00 95.00 0.00 0.00 -1.30 0.00
15.00 95.00 0.00 0.00 0.00 8.70
15.00 95.00 0.00 0.00 0.00 -2.20
15.00 95.00 0.00 0.00 2.30 0.00
15.00 95.00 0.00 0.00 -6.10 0.00
25.00 95.00 0.00 0.00 0.00 5.30
25.00 95.00 0.00 0.00 0.00 -1.80
25.00 95.00 0.00 0.00 7.60 0.00
25.00 95.00 0.00 0.00 -6.20 0.00
35.00 95.00 0.00 0.00 0.00 4.80
35.00 95.00 0.00 0.00 0.00 -2.60
35.00 95.00 0.00 0.00 1.60 0.00
35.00 95.00 0.00 0.00 -1.80 0.00
45.00 95.00 0.00 0.00 0.00 7.60
45.00 95.00 0.00 0.00 0.00 -1.50
45.00 95.00 0.00 0.00 1.90 0.00
45.00 95.00 0.00 0.00 -5.70 0.00
55.00 95.00 0.00 0.00 0.00 4.40
55.00 95.00 0.00 0.00 0.00 -0.80
55.00 95.00 0.00 0.00 2.40 0.00
55.00 95.00 0.00 0.00 -7.50 0.00
65.00 95.00 0.00 0.00 0.00 3.30
65.00 95.00 0.00 0.00 0.00 -7.10
65.00 95.00 0.00 0.00 8.20 0.00
65.00 95.00 0.00 0.00 -5.50 0.00
75.00 95.00 0.00 0.00 0.00 2.40
75.00 95.00 0.00 0.00 0.00 -3.10
75.00 95.00 0.00 0.00 6.60 0.00
75.00 95.00 0.00 0.00 -3.60 0.00
85.00 95.00 0.00 0.00 0.00 9.00
85.00 95.00 0.00 0.00 0.00 -3.30
85.00 95.00 0.00 0.00 4.90 0.00
85.00 95.00 0.00 0.00 -7.60 0.00
95.00 95.00 0.00 0.00 0.00 0.60
95.00 95.00 0.00 0.00 0.00 -7.10
95.00 95.00 0.00 0.00 8.80 0.00
95.00 95.00 0.00 0.00 -1.00 0.00
