511
999
998
1000
1002
995
1002
1001
998
998
995
997
997
1003
1003
996
1003
1003
1003
998
999
997
1002
1002
1003
995
996
995
996
1000
1000
997
995
1001
1000
1001
1002
996
998
996
997
998
996
1000
997
995
999
1003
1003
998
997
997
999
1002
995
998
1000
1003
998
1002
999
1001
1002
998
998
998
1002
1003
999
996
1002
1001
997
1003
995
997
995
1000
997
1001
1001
997
1003
996
996
1001
997
999
1000
998
995
996
995
1002
997
997
996
995
996
998
1003
995
1003
1003
1001
1003
996
1001
997
996
999
1002
999
996
1003
998
1003
997
1000
999
998
1001
998
999
999
998
999
1001
998
998
1002
995
996
1001
1003
1003
999
1003
1000
999
1002
1002
997
995
995
997
996
1003
997
1002
996
1000
999
1000
1002
1003
1003
995
998
996
999
997
1003
1000
1001
1003
999
996
1000
1003
1001
998
1001
1003
999
999
1003
1000
996
1003
998
998
998
1000
1001
1003
998
998
995
1001
999
997
1001
999
1002
999
996
996
1000
1001
1002
995
1002
997
1002
995
1002
1001
999
1001
999
1000
995
1000
997
999
999
1000
1003
997
997
998
999
1002
1000
996
997
1001
997
1000
996
995
1001
1002
995
997
1002
1002
1003
997
1000
996
1003
998
1001
996
1003
995
999
1000
997
999
1003
1002
997
998
1003
997
1002
1003
1003
995
1003
998
1002
1003
1000
998
1000
997
1001
1003
997
998
995
1003
999
1001
1001
1001
997
995
996
995
1002
999
998
1001
1001
996
998
998
1003
997
999
999
1003
1002
1003
997
1003
998
1003
996
1001
1002
1002
996
999
1000
1002
1000
998
1001
1000
996
996
1001
1000
1001
1000
1003
1002
998
1003
996
1002
1000
1003
999
1001
1000
1002
1000
999
999
998
998
998
1001
1001
996
997
995
1001
1000
1003
1000
997
999
997
1000
996
1003
1003
995
995
1002
998
1001
997
995
998
1003
999
1000
998
1002
1003
1002
997
998
1001
999
996
998
995
1002
995
995
997
995
1001
996
1001
998
1003
1001
1003
998
997
995
998
998
1003
1000
1003
997
997
1001
995
999
1002
1000
995
995
1003
1002
1000
1001
1001
1003
1002
996
1002
999
999
1002
995
999
996
995
997
997
998
996
1003
995
996
996
1001
995
1000
1000
1000
998
998
999
995
1003
997
1001
1000
1002
1000
999
995
995
995
995
997
996
995
999
996
996
998
995
997
998
1003
1001
998
998
995
1003
1001
998
996
999
996
996
1003
999
1003
999
1001
995
1000
1001
1002
1000
1000
1001
1003
1002
1002
995
1000
1002
998
1000
1000
1001
1003
998
1000
998
1000
1002
1003
1001
1001
1002
1003
1001
998
999
999
1001
996
997
2 1
3 1
4 2
5 2
6 3
7 3
8 4
9 4
10 5
11 5
12 6
13 6
14 7
15 7
16 8
17 8
18 9
19 9
20 10
21 10
22 11
23 11
24 12
25 12
26 13
27 13
28 14
29 14
30 15
31 15
32 16
33 16
34 17
35 17
36 18
37 18
38 19
39 19
40 20
41 20
42 21
43 21
44 22
45 22
46 23
47 23
48 24
49 24
50 25
51 25
52 26
53 26
54 27
55 27
56 28
57 28
58 29
59 29
60 30
61 30
62 31
63 31
64 32
65 32
66 33
67 33
68 34
69 34
70 35
71 35
72 36
73 36
74 37
75 37
76 38
77 38
78 39
79 39
80 40
81 40
82 41
83 41
84 42
85 42
86 43
87 43
88 44
89 44
90 45
91 45
92 46
93 46
94 47
95 47
96 48
97 48
98 49
99 49
100 50
101 50
102 51
103 51
104 52
105 52
106 53
107 53
108 54
109 54
110 55
111 55
112 56
113 56
114 57
115 57
116 58
117 58
118 59
119 59
120 60
121 60
122 61
123 61
124 62
125 62
126 63
127 63
128 64
129 64
130 65
131 65
132 66
133 66
134 67
135 67
136 68
137 68
138 69
139 69
140 70
141 70
142 71
143 71
144 72
145 72
146 73
147 73
148 74
149 74
150 75
151 75
152 76
153 76
154 77
155 77
156 78
157 78
158 79
159 79
160 80
161 80
162 81
163 81
164 82
165 82
166 83
167 83
168 84
169 84
170 85
171 85
172 86
173 86
174 87
175 87
176 88
177 88
178 89
179 89
180 90
181 90
182 91
183 91
184 92
185 92
186 93
187 93
188 94
189 94
190 95
191 95
192 96
193 96
194 97
195 97
196 98
197 98
198 99
199 99
200 100
201 100
202 101
203 101
204 102
205 102
206 103
207 103
208 104
209 104
210 105
211 105
212 106
213 106
214 107
215 107
216 108
217 108
218 109
219 109
220 110
221 110
222 111
223 111
224 112
225 112
226 113
227 113
228 114
229 114
230 115
231 115
232 116
233 116
234 117
235 117
236 118
237 118
238 119
239 119
240 120
241 120
242 121
243 121
244 122
245 122
246 123
247 123
248 124
249 124
250 125
251 125
252 126
253 126
254 127
255 127
256 128
257 128
258 129
259 129
260 130
261 130
262 131
263 131
264 132
265 132
266 133
267 133
268 134
269 134
270 135
271 135
272 136
273 136
274 137
275 137
276 138
277 138
278 139
279 139
280 140
281 140
282 141
283 141
284 142
285 142
286 143
287 143
288 144
289 144
290 145
291 145
292 146
293 146
294 147
295 147
296 148
297 148
298 149
299 149
300 150
301 150
302 151
303 151
304 152
305 152
306 153
307 153
308 154
309 154
310 155
311 155
312 156
313 156
314 157
315 157
316 158
317 158
318 159
319 159
320 160
321 160
322 161
323 161
324 162
325 162
326 163
327 163
328 164
329 164
330 165
331 165
332 166
333 166
334 167
335 167
336 168
337 168
338 169
339 169
340 170
341 170
342 171
343 171
344 172
345 172
346 173
347 173
348 174
349 174
350 175
351 175
352 176
353 176
354 177
355 177
356 178
357 178
358 179
359 179
360 180
361 180
362 181
363 181
364 182
365 182
366 183
367 183
368 184
369 184
370 185
371 185
372 186
373 186
374 187
375 187
376 188
377 188
378 189
379 189
380 190
381 190
382 191
383 191
384 192
385 192
386 193
387 193
388 194
389 194
390 195
391 195
392 196
393 196
394 197
395 197
396 198
397 198
398 199
399 199
400 200
401 200
402 201
403 201
404 202
405 202
406 203
407 203
408 204
409 204
410 205
411 205
412 206
413 206
414 207
415 207
416 208
417 208
418 209
419 209
420 210
421 210
422 211
423 211
424 212
425 212
426 213
427 213
428 214
429 214
430 215
431 215
432 216
433 216
434 217
435 217
436 218
437 218
438 219
439 219
440 220
441 220
442 221
443 221
444 222
445 222
446 223
447 223
448 224
449 224
450 225
451 225
452 226
453 226
454 227
455 227
456 228
457 228
458 229
459 229
460 230
461 230
462 231
463 231
464 232
465 232
466 233
467 233
468 234
469 234
470 235
471 235
472 236
473 236
474 237
475 237
476 238
477 238
478 239
479 239
480 240
481 240
482 241
483 241
484 242
485 242
486 243
487 243
488 244
489 244
490 245
491 245
492 246
493 246
494 247
495 247
496 248
497 248
498 249
499 249
500 250
501 250
502 251
503 251
504 252
505 252
506 253
507 253
508 254
509 254
510 255
511 255
