500
-1.0 -1.0 1.0 1.0
-2.0 -2.0 2.0 2.0
-3.0 -3.0 3.0 3.0
-4.0 -4.0 4.0 4.0
-5.0 -5.0 5.0 5.0
-6.0 -6.0 6.0 6.0
-7.0 -7.0 7.0 7.0
-8.0 -8.0 8.0 8.0
-9.0 -9.0 9.0 9.0
-10.0 -10.0 10.0 10.0
-11.0 -11.0 11.0 11.0
-12.0 -12.0 12.0 12.0
-13.0 -13.0 13.0 13.0
-14.0 -14.0 14.0 14.0
-15.0 -15.0 15.0 15.0
-16.0 -16.0 16.0 16.0
-17.0 -17.0 17.0 17.0
-18.0 -18.0 18.0 18.0
-19.0 -19.0 19.0 19.0
-20.0 -20.0 20.0 20.0
-21.0 -21.0 21.0 21.0
-22.0 -22.0 22.0 22.0
-23.0 -23.0 23.0 23.0
-24.0 -24.0 24.0 24.0
-25.0 -25.0 25.0 25.0
-26.0 -26.0 26.0 26.0
-27.0 -27.0 27.0 27.0
-28.0 -28.0 28.0 28.0
-29.0 -29.0 29.0 29.0
-30.0 -30.0 30.0 30.0
-31.0 -31.0 31.0 31.0
-32.0 -32.0 32.0 32.0
-33.0 -33.0 33.0 33.0
-34.0 -34.0 34.0 34.0
-35.0 -35.0 35.0 35.0
-36.0 -36.0 36.0 36.0
-37.0 -37.0 37.0 37.0
-38.0 -38.0 38.0 38.0
-39.0 -39.0 39.0 39.0
-40.0 -40.0 40.0 40.0
-41.0 -41.0 41.0 41.0
-42.0 -42.0 42.0 42.0
-43.0 -43.0 43.0 43.0
-44.0 -44.0 44.0 44.0
-45.0 -45.0 45.0 45.0
-46.0 -46.0 46.0 46.0
-47.0 -47.0 47.0 47.0
-48.0 -48.0 48.0 48.0
-49.0 -49.0 49.0 49.0
-50.0 -50.0 50.0 50.0
-51.0 -51.0 51.0 51.0
-52.0 -52.0 52.0 52.0
-53.0 -53.0 53.0 53.0
-54.0 -54.0 54.0 54.0
-55.0 -55.0 55.0 55.0
-56.0 -56.0 56.0 56.0
-57.0 -57.0 57.0 57.0
-58.0 -58.0 58.0 58.0
-59.0 -59.0 59.0 59.0
-60.0 -60.0 60.0 60.0
-61.0 -61.0 61.0 61.0
-62.0 -62.0 62.0 62.0
-63.0 -63.0 63.0 63.0
-64.0 -64.0 64.0 64.0
-65.0 -65.0 65.0 65.0
-66.0 -66.0 66.0 66.0
-67.0 -67.0 67.0 67.0
-68.0 -68.0 68.0 68.0
-69.0 -69.0 69.0 69.0
-70.0 -70.0 70.0 70.0
-71.0 -71.0 71.0 71.0
-72.0 -72.0 72.0 72.0
-73.0 -73.0 73.0 73.0
-74.0 -74.0 74.0 74.0
-75.0 -75.0 75.0 75.0
-76.0 -76.0 76.0 76.0
-77.0 -77.0 77.0 77.0
-78.0 -78.0 78.0 78.0
-79.0 -79.0 79.0 79.0
-80.0 -80.0 80.0 80.0
-81.0 -81.0 81.0 81.0
-82.0 -82.0 82.0 82.0
-83.0 -83.0 83.0 83.0
-84.0 -84.0 84.0 84.0
-85.0 -85.0 85.0 85.0
-86.0 -86.0 86.0 86.0
-87.0 -87.0 87.0 87.0
-88.0 -88.0 88.0 88.0
-89.0 -89.0 89.0 89.0
-90.0 -90.0 90.0 90.0
-91.0 -91.0 91.0 91.0
-92.0 -92.0 92.0 92.0
-93.0 -93.0 93.0 93.0
-94.0 -94.0 94.0 94.0
-95.0 -95.0 95.0 95.0
-96.0 -96.0 96.0 96.0
-97.0 -97.0 97.0 97.0
-98.0 -98.0 98.0 98.0
-99.0 -99.0 99.0 99.0
-100.0 -100.0 100.0 100.0
-101.0 -101.0 101.0 101.0
-102.0 -102.0 102.0 102.0
-103.0 -103.0 103.0 103.0
-104.0 -104.0 104.0 104.0
-105.0 -105.0 105.0 105.0
-106.0 -106.0 106.0 106.0
-107.0 -107.0 107.0 107.0
-108.0 -108.0 108.0 108.0
-109.0 -109.0 109.0 109.0
-110.0 -110.0 110.0 110.0
-111.0 -111.0 111.0 111.0
-112.0 -112.0 112.0 112.0
-113.0 -113.0 113.0 113.0
-114.0 -114.0 114.0 114.0
-115.0 -115.0 115.0 115.0
-116.0 -116.0 116.0 116.0
-117.0 -117.0 117.0 117.0
-118.0 -118.0 118.0 118.0
-119.0 -119.0 119.0 119.0
-120.0 -120.0 120.0 120.0
-121.0 -121.0 121.0 121.0
-122.0 -122.0 122.0 122.0
-123.0 -123.0 123.0 123.0
-124.0 -124.0 124.0 124.0
-125.0 -125.0 125.0 125.0
-126.0 -126.0 126.0 126.0
-127.0 -127.0 127.0 127.0
-128.0 -128.0 128.0 128.0
-129.0 -129.0 129.0 129.0
-130.0 -130.0 130.0 130.0
-131.0 -131.0 131.0 131.0
-132.0 -132.0 132.0 132.0
-133.0 -133.0 133.0 133.0
-134.0 -134.0 134.0 134.0
-135.0 -135.0 135.0 135.0
-136.0 -136.0 136.0 136.0
-137.0 -137.0 137.0 137.0
-138.0 -138.0 138.0 138.0
-139.0 -139.0 139.0 139.0
-140.0 -140.0 140.0 140.0
-141.0 -141.0 141.0 141.0
-142.0 -142.0 142.0 142.0
-143.0 -143.0 143.0 143.0
-144.0 -144.0 144.0 144.0
-145.0 -145.0 145.0 145.0
-146.0 -146.0 146.0 146.0
-147.0 -147.0 147.0 147.0
-148.0 -148.0 148.0 148.0
-149.0 -149.0 149.0 149.0
-150.0 -150.0 150.0 150.0
-151.0 -151.0 151.0 151.0
-152.0 -152.0 152.0 152.0
-153.0 -153.0 153.0 153.0
-154.0 -154.0 154.0 154.0
-155.0 -155.0 155.0 155.0
-156.0 -156.0 156.0 156.0
-157.0 -157.0 157.0 157.0
-158.0 -158.0 158.0 158.0
-159.0 -159.0 159.0 159.0
-160.0 -160.0 160.0 160.0
-161.0 -161.0 161.0 161.0
-162.0 -162.0 162.0 162.0
-163.0 -163.0 163.0 163.0
-164.0 -164.0 164.0 164.0
-165.0 -165.0 165.0 165.0
-166.0 -166.0 166.0 166.0
-167.0 -167.0 167.0 167.0
-168.0 -168.0 168.0 168.0
-169.0 -169.0 169.0 169.0
-170.0 -170.0 170.0 170.0
-171.0 -171.0 171.0 171.0
-172.0 -172.0 172.0 172.0
-173.0 -173.0 173.0 173.0
-174.0 -174.0 174.0 174.0
-175.0 -175.0 175.0 175.0
-176.0 -176.0 176.0 176.0
-177.0 -177.0 177.0 177.0
-178.0 -178.0 178.0 178.0
-179.0 -179.0 179.0 179.0
-180.0 -180.0 180.0 180.0
-181.0 -181.0 181.0 181.0
-182.0 -182.0 182.0 182.0
-183.0 -183.0 183.0 183.0
-184.0 -184.0 184.0 184.0
-185.0 -185.0 185.0 185.0
-186.0 -186.0 186.0 186.0
-187.0 -187.0 187.0 187.0
-188.0 -188.0 188.0 188.0
-189.0 -189.0 189.0 189.0
-190.0 -190.0 190.0 190.0
-191.0 -191.0 191.0 191.0
-192.0 -192.0 192.0 192.0
-193.0 -193.0 193.0 193.0
-194.0 -194.0 194.0 194.0
-195.0 -195.0 195.0 195.0
-196.0 -196.0 196.0 196.0
-197.0 -197.0 197.0 197.0
-198.0 -198.0 198.0 198.0
-199.0 -199.0 199.0 199.0
-200.0 -200.0 200.0 200.0
-201.0 -201.0 201.0 201.0
-202.0 -202.0 202.0 202.0
-203.0 -203.0 203.0 203.0
-204.0 -204.0 204.0 204.0
-205.0 -205.0 205.0 205.0
-206.0 -206.0 206.0 206.0
-207.0 -207.0 207.0 207.0
-208.0 -208.0 208.0 208.0
-209.0 -209.0 209.0 209.0
-210.0 -210.0 210.0 210.0
-211.0 -211.0 211.0 211.0
-212.0 -212.0 212.0 212.0
-213.0 -213.0 213.0 213.0
-214.0 -214.0 214.0 214.0
-215.0 -215.0 215.0 215.0
-216.0 -216.0 216.0 216.0
-217.0 -217.0 217.0 217.0
-218.0 -218.0 218.0 218.0
-219.0 -219.0 219.0 219.0
-220.0 -220.0 220.0 220.0
-221.0 -221.0 221.0 221.0
-222.0 -222.0 222.0 222.0
-223.0 -223.0 223.0 223.0
-224.0 -224.0 224.0 224.0
-225.0 -225.0 225.0 225.0
-226.0 -226.0 226.0 226.0
-227.0 -227.0 227.0 227.0
-228.0 -228.0 228.0 228.0
-229.0 -229.0 229.0 229.0
-230.0 -230.0 230.0 230.0
-231.0 -231.0 231.0 231.0
-232.0 -232.0 232.0 232.0
-233.0 -233.0 233.0 233.0
-234.0 -234.0 234.0 234.0
-235.0 -235.0 235.0 235.0
-236.0 -236.0 236.0 236.0
-237.0 -237.0 237.0 237.0
-238.0 -238.0 238.0 238.0
-239.0 -239.0 239.0 239.0
-240.0 -240.0 240.0 240.0
-241.0 -241.0 241.0 241.0
-242.0 -242.0 242.0 242.0
-243.0 -243.0 243.0 243.0
-244.0 -244.0 244.0 244.0
-245.0 -245.0 245.0 245.0
-246.0 -246.0 246.0 246.0
-247.0 -247.0 247.0 247.0
-248.0 -248.0 248.0 248.0
-249.0 -249.0 249.0 249.0
-250.0 -250.0 250.0 250.0
-251.0 -251.0 251.0 251.0
-252.0 -252.0 252.0 252.0
-253.0 -253.0 253.0 253.0
-254.0 -254.0 254.0 254.0
-255.0 -255.0 255.0 255.0
-256.0 -256.0 256.0 256.0
-257.0 -257.0 257.0 257.0
-258.0 -258.0 258.0 258.0
-259.0 -259.0 259.0 259.0
-260.0 -260.0 260.0 260.0
-261.0 -261.0 261.0 261.0
-262.0 -262.0 262.0 262.0
-263.0 -263.0 263.0 263.0
-264.0 -264.0 264.0 264.0
-265.0 -265.0 265.0 265.0
-266.0 -266.0 266.0 266.0
-267.0 -267.0 267.0 267.0
-268.0 -268.0 268.0 268.0
-269.0 -269.0 269.0 269.0
-270.0 -270.0 270.0 270.0
-271.0 -271.0 271.0 271.0
-272.0 -272.0 272.0 272.0
-273.0 -273.0 273.0 273.0
-274.0 -274.0 274.0 274.0
-275.0 -275.0 275.0 275.0
-276.0 -276.0 276.0 276.0
-277.0 -277.0 277.0 277.0
-278.0 -278.0 278.0 278.0
-279.0 -279.0 279.0 279.0
-280.0 -280.0 280.0 280.0
-281.0 -281.0 281.0 281.0
-282.0 -282.0 282.0 282.0
-283.0 -283.0 283.0 283.0
-284.0 -284.0 284.0 284.0
-285.0 -285.0 285.0 285.0
-286.0 -286.0 286.0 286.0
-287.0 -287.0 287.0 287.0
-288.0 -288.0 288.0 288.0
-289.0 -289.0 289.0 289.0
-290.0 -290.0 290.0 290.0
-291.0 -291.0 291.0 291.0
-292.0 -292.0 292.0 292.0
-293.0 -293.0 293.0 293.0
-294.0 -294.0 294.0 294.0
-295.0 -295.0 295.0 295.0
-296.0 -296.0 296.0 296.0
-297.0 -297.0 297.0 297.0
-298.0 -298.0 298.0 298.0
-299.0 -299.0 299.0 299.0
-300.0 -300.0 300.0 300.0
-301.0 -301.0 301.0 301.0
-302.0 -302.0 302.0 302.0
-303.0 -303.0 303.0 303.0
-304.0 -304.0 304.0 304.0
-305.0 -305.0 305.0 305.0
-306.0 -306.0 306.0 306.0
-307.0 -307.0 307.0 307.0
-308.0 -308.0 308.0 308.0
-309.0 -309.0 309.0 309.0
-310.0 -310.0 310.0 310.0
-311.0 -311.0 311.0 311.0
-312.0 -312.0 312.0 312.0
-313.0 -313.0 313.0 313.0
-314.0 -314.0 314.0 314.0
-315.0 -315.0 315.0 315.0
-316.0 -316.0 316.0 316.0
-317.0 -317.0 317.0 317.0
-318.0 -318.0 318.0 318.0
-319.0 -319.0 319.0 319.0
-320.0 -320.0 320.0 320.0
-321.0 -321.0 321.0 321.0
-322.0 -322.0 322.0 322.0
-323.0 -323.0 323.0 323.0
-324.0 -324.0 324.0 324.0
-325.0 -325.0 325.0 325.0
-326.0 -326.0 326.0 326.0
-327.0 -327.0 327.0 327.0
-328.0 -328.0 328.0 328.0
-329.0 -329.0 329.0 329.0
-330.0 -330.0 330.0 330.0
-331.0 -331.0 331.0 331.0
-332.0 -332.0 332.0 332.0
-333.0 -333.0 333.0 333.0
-334.0 -334.0 334.0 334.0
-335.0 -335.0 335.0 335.0
-336.0 -336.0 336.0 336.0
-337.0 -337.0 337.0 337.0
-338.0 -338.0 338.0 338.0
-339.0 -339.0 339.0 339.0
-340.0 -340.0 340.0 340.0
-341.0 -341.0 341.0 341.0
-342.0 -342.0 342.0 342.0
-343.0 -343.0 343.0 343.0
-344.0 -344.0 344.0 344.0
-345.0 -345.0 345.0 345.0
-346.0 -346.0 346.0 346.0
-347.0 -347.0 347.0 347.0
-348.0 -348.0 348.0 348.0
-349.0 -349.0 349.0 349.0
-350.0 -350.0 350.0 350.0
-351.0 -351.0 351.0 351.0
-352.0 -352.0 352.0 352.0
-353.0 -353.0 353.0 353.0
-354.0 -354.0 354.0 354.0
-355.0 -355.0 355.0 355.0
-356.0 -356.0 356.0 356.0
-357.0 -357.0 357.0 357.0
-358.0 -358.0 358.0 358.0
-359.0 -359.0 359.0 359.0
-360.0 -360.0 360.0 360.0
-361.0 -361.0 361.0 361.0
-362.0 -362.0 362.0 362.0
-363.0 -363.0 363.0 363.0
-364.0 -364.0 364.0 364.0
-365.0 -365.0 365.0 365.0
-366.0 -366.0 366.0 366.0
-367.0 -367.0 367.0 367.0
-368.0 -368.0 368.0 368.0
-369.0 -369.0 369.0 369.0
-370.0 -370.0 370.0 370.0
-371.0 -371.0 371.0 371.0
-372.0 -372.0 372.0 372.0
-373.0 -373.0 373.0 373.0
-374.0 -374.0 374.0 374.0
-375.0 -375.0 375.0 375.0
-376.0 -376.0 376.0 376.0
-377.0 -377.0 377.0 377.0
-378.0 -378.0 378.0 378.0
-379.0 -379.0 379.0 379.0
-380.0 -380.0 380.0 380.0
-381.0 -381.0 381.0 381.0
-382.0 -382.0 382.0 382.0
-383.0 -383.0 383.0 383.0
-384.0 -384.0 384.0 384.0
-385.0 -385.0 385.0 385.0
-386.0 -386.0 386.0 386.0
-387.0 -387.0 387.0 387.0
-388.0 -388.0 388.0 388.0
-389.0 -389.0 389.0 389.0
-390.0 -390.0 390.0 390.0
-391.0 -391.0 391.0 391.0
-392.0 -392.0 392.0 392.0
-393.0 -393.0 393.0 393.0
-394.0 -394.0 394.0 394.0
-395.0 -395.0 395.0 395.0
-396.0 -396.0 396.0 396.0
-397.0 -397.0 397.0 397.0
-398.0 -398.0 398.0 398.0
-399.0 -399.0 399.0 399.0
-400.0 -400.0 400.0 400.0
-401.0 -401.0 401.0 401.0
-402.0 -402.0 402.0 402.0
-403.0 -403.0 403.0 403.0
-404.0 -404.0 404.0 404.0
-405.0 -405.0 405.0 405.0
-406.0 -406.0 406.0 406.0
-407.0 -407.0 407.0 407.0
-408.0 -408.0 408.0 408.0
-409.0 -409.0 409.0 409.0
-410.0 -410.0 410.0 410.0
-411.0 -411.0 411.0 411.0
-412.0 -412.0 412.0 412.0
-413.0 -413.0 413.0 413.0
-414.0 -414.0 414.0 414.0
-415.0 -415.0 415.0 415.0
-416.0 -416.0 416.0 416.0
-417.0 -417.0 417.0 417.0
-418.0 -418.0 418.0 418.0
-419.0 -419.0 419.0 419.0
-420.0 -420.0 420.0 420.0
-421.0 -421.0 421.0 421.0
-422.0 -422.0 422.0 422.0
-423.0 -423.0 423.0 423.0
-424.0 -424.0 424.0 424.0
-425.0 -425.0 425.0 425.0
-426.0 -426.0 426.0 426.0
-427.0 -427.0 427.0 427.0
-428.0 -428.0 428.0 428.0
-429.0 -429.0 429.0 429.0
-430.0 -430.0 430.0 430.0
-431.0 -431.0 431.0 431.0
-432.0 -432.0 432.0 432.0
-433.0 -433.0 433.0 433.0
-434.0 -434.0 434.0 434.0
-435.0 -435.0 435.0 435.0
-436.0 -436.0 436.0 436.0
-437.0 -437.0 437.0 437.0
-438.0 -438.0 438.0 438.0
-439.0 -439.0 439.0 439.0
-440.0 -440.0 440.0 440.0
-441.0 -441.0 441.0 441.0
-442.0 -442.0 442.0 442.0
-443.0 -443.0 443.0 443.0
-444.0 -444.0 444.0 444.0
-445.0 -445.0 445.0 445.0
-446.0 -446.0 446.0 446.0
-447.0 -447.0 447.0 447.0
-448.0 -448.0 448.0 448.0
-449.0 -449.0 449.0 449.0
-450.0 -450.0 450.0 450.0
-451.0 -451.0 451.0 451.0
-452.0 -452.0 452.0 452.0
-453.0 -453.0 453.0 453.0
-454.0 -454.0 454.0 454.0
-455.0 -455.0 455.0 455.0
-456.0 -456.0 456.0 456.0
-457.0 -457.0 457.0 457.0
-458.0 -458.0 458.0 458.0
-459.0 -459.0 459.0 459.0
-460.0 -460.0 460.0 460.0
-461.0 -461.0 461.0 461.0
-462.0 -462.0 462.0 462.0
-463.0 -463.0 463.0 463.0
-464.0 -464.0 464.0 464.0
-465.0 -465.0 465.0 465.0
-466.0 -466.0 466.0 466.0
-467.0 -467.0 467.0 467.0
-468.0 -468.0 468.0 468.0
-469.0 -469.0 469.0 469.0
-470.0 -470.0 470.0 470.0
-471.0 -471.0 471.0 471.0
-472.0 -472.0 472.0 472.0
-473.0 -473.0 473.0 473.0
-474.0 -474.0 474.0 474.0
-475.0 -475.0 475.0 475.0
-476.0 -476.0 476.0 476.0
-477.0 -477.0 477.0 477.0
-478.0 -478.0 478.0 478.0
-479.0 -479.0 479.0 479.0
-480.0 -480.0 480.0 480.0
-481.0 -481.0 481.0 481.0
-482.0 -482.0 482.0 482.0
-483.0 -483.0 483.0 483.0
-484.0 -484.0 484.0 484.0
-485.0 -485.0 485.0 485.0
-486.0 -486.0 486.0 486.0
-487.0 -487.0 487.0 487.0
-488.0 -488.0 488.0 488.0
-489.0 -489.0 489.0 489.0
-490.0 -490.0 490.0 490.0
-491.0 -491.0 491.0 491.0
-492.0 -492.0 492.0 492.0
-493.0 -493.0 493.0 493.0
-494.0 -494.0 494.0 494.0
-495.0 -495.0 495.0 495.0
-496.0 -496.0 496.0 496.0
-497.0 -497.0 497.0 497.0
-498.0 -498.0 498.0 498.0
-499.0 -499.0 499.0 499.0
-500.0 -500.0 500.0 500.0
499.5 499.5
498.5 498.5
497.5 497.5
496.5 496.5
495.5 495.5
494.5 494.5
493.5 493.5
492.5 492.5
491.5 491.5
490.5 490.5
489.5 489.5
488.5 488.5
487.5 487.5
486.5 486.5
485.5 485.5
484.5 484.5
483.5 483.5
482.5 482.5
481.5 481.5
480.5 480.5
479.5 479.5
478.5 478.5
477.5 477.5
476.5 476.5
475.5 475.5
474.5 474.5
473.5 473.5
472.5 472.5
471.5 471.5
470.5 470.5
469.5 469.5
468.5 468.5
467.5 467.5
466.5 466.5
465.5 465.5
464.5 464.5
463.5 463.5
462.5 462.5
461.5 461.5
460.5 460.5
459.5 459.5
458.5 458.5
457.5 457.5
456.5 456.5
455.5 455.5
454.5 454.5
453.5 453.5
452.5 452.5
451.5 451.5
450.5 450.5
449.5 449.5
448.5 448.5
447.5 447.5
446.5 446.5
445.5 445.5
444.5 444.5
443.5 443.5
442.5 442.5
441.5 441.5
440.5 440.5
439.5 439.5
438.5 438.5
437.5 437.5
436.5 436.5
435.5 435.5
434.5 434.5
433.5 433.5
432.5 432.5
431.5 431.5
430.5 430.5
429.5 429.5
428.5 428.5
427.5 427.5
426.5 426.5
425.5 425.5
424.5 424.5
423.5 423.5
422.5 422.5
421.5 421.5
420.5 420.5
419.5 419.5
418.5 418.5
417.5 417.5
416.5 416.5
415.5 415.5
414.5 414.5
413.5 413.5
412.5 412.5
411.5 411.5
410.5 410.5
409.5 409.5
408.5 408.5
407.5 407.5
406.5 406.5
405.5 405.5
404.5 404.5
403.5 403.5
402.5 402.5
401.5 401.5
400.5 400.5
399.5 399.5
398.5 398.5
397.5 397.5
396.5 396.5
395.5 395.5
394.5 394.5
393.5 393.5
392.5 392.5
391.5 391.5
390.5 390.5
389.5 389.5
388.5 388.5
387.5 387.5
386.5 386.5
385.5 385.5
384.5 384.5
383.5 383.5
382.5 382.5
381.5 381.5
380.5 380.5
379.5 379.5
378.5 378.5
377.5 377.5
376.5 376.5
375.5 375.5
374.5 374.5
373.5 373.5
372.5 372.5
371.5 371.5
370.5 370.5
369.5 369.5
368.5 368.5
367.5 367.5
366.5 366.5
365.5 365.5
364.5 364.5
363.5 363.5
362.5 362.5
361.5 361.5
360.5 360.5
359.5 359.5
358.5 358.5
357.5 357.5
356.5 356.5
355.5 355.5
354.5 354.5
353.5 353.5
352.5 352.5
351.5 351.5
350.5 350.5
349.5 349.5
348.5 348.5
347.5 347.5
346.5 346.5
345.5 345.5
344.5 344.5
343.5 343.5
342.5 342.5
341.5 341.5
340.5 340.5
339.5 339.5
338.5 338.5
337.5 337.5
336.5 336.5
335.5 335.5
334.5 334.5
333.5 333.5
332.5 332.5
331.5 331.5
330.5 330.5
329.5 329.5
328.5 328.5
327.5 327.5
326.5 326.5
325.5 325.5
324.5 324.5
323.5 323.5
322.5 322.5
321.5 321.5
320.5 320.5
319.5 319.5
318.5 318.5
317.5 317.5
316.5 316.5
315.5 315.5
314.5 314.5
313.5 313.5
312.5 312.5
311.5 311.5
310.5 310.5
309.5 309.5
308.5 308.5
307.5 307.5
306.5 306.5
305.5 305.5
304.5 304.5
303.5 303.5
302.5 302.5
301.5 301.5
300.5 300.5
299.5 299.5
298.5 298.5
297.5 297.5
296.5 296.5
295.5 295.5
294.5 294.5
293.5 293.5
292.5 292.5
291.5 291.5
290.5 290.5
289.5 289.5
288.5 288.5
287.5 287.5
286.5 286.5
285.5 285.5
284.5 284.5
283.5 283.5
282.5 282.5
281.5 281.5
280.5 280.5
279.5 279.5
278.5 278.5
277.5 277.5
276.5 276.5
275.5 275.5
274.5 274.5
273.5 273.5
272.5 272.5
271.5 271.5
270.5 270.5
269.5 269.5
268.5 268.5
267.5 267.5
266.5 266.5
265.5 265.5
264.5 264.5
263.5 263.5
262.5 262.5
261.5 261.5
260.5 260.5
259.5 259.5
258.5 258.5
257.5 257.5
256.5 256.5
255.5 255.5
254.5 254.5
253.5 253.5
252.5 252.5
251.5 251.5
250.5 250.5
249.5 249.5
248.5 248.5
247.5 247.5
246.5 246.5
245.5 245.5
244.5 244.5
243.5 243.5
242.5 242.5
241.5 241.5
240.5 240.5
239.5 239.5
238.5 238.5
237.5 237.5
236.5 236.5
235.5 235.5
234.5 234.5
233.5 233.5
232.5 232.5
231.5 231.5
230.5 230.5
229.5 229.5
228.5 228.5
227.5 227.5
226.5 226.5
225.5 225.5
224.5 224.5
223.5 223.5
222.5 222.5
221.5 221.5
220.5 220.5
219.5 219.5
218.5 218.5
217.5 217.5
216.5 216.5
215.5 215.5
214.5 214.5
213.5 213.5
212.5 212.5
211.5 211.5
210.5 210.5
209.5 209.5
208.5 208.5
207.5 207.5
206.5 206.5
205.5 205.5
204.5 204.5
203.5 203.5
202.5 202.5
201.5 201.5
200.5 200.5
199.5 199.5
198.5 198.5
197.5 197.5
196.5 196.5
195.5 195.5
194.5 194.5
193.5 193.5
192.5 192.5
191.5 191.5
190.5 190.5
189.5 189.5
188.5 188.5
187.5 187.5
186.5 186.5
185.5 185.5
184.5 184.5
183.5 183.5
182.5 182.5
181.5 181.5
180.5 180.5
179.5 179.5
178.5 178.5
177.5 177.5
176.5 176.5
175.5 175.5
174.5 174.5
173.5 173.5
172.5 172.5
171.5 171.5
170.5 170.5
169.5 169.5
168.5 168.5
167.5 167.5
166.5 166.5
165.5 165.5
164.5 164.5
163.5 163.5
162.5 162.5
161.5 161.5
160.5 160.5
159.5 159.5
158.5 158.5
157.5 157.5
156.5 156.5
155.5 155.5
154.5 154.5
153.5 153.5
152.5 152.5
151.5 151.5
150.5 150.5
149.5 149.5
148.5 148.5
147.5 147.5
146.5 146.5
145.5 145.5
144.5 144.5
143.5 143.5
142.5 142.5
141.5 141.5
140.5 140.5
139.5 139.5
138.5 138.5
137.5 137.5
136.5 136.5
135.5 135.5
134.5 134.5
133.5 133.5
132.5 132.5
131.5 131.5
130.5 130.5
129.5 129.5
128.5 128.5
127.5 127.5
126.5 126.5
125.5 125.5
124.5 124.5
123.5 123.5
122.5 122.5
121.5 121.5
120.5 120.5
119.5 119.5
118.5 118.5
117.5 117.5
116.5 116.5
115.5 115.5
114.5 114.5
113.5 113.5
112.5 112.5
111.5 111.5
110.5 110.5
109.5 109.5
108.5 108.5
107.5 107.5
106.5 106.5
105.5 105.5
104.5 104.5
103.5 103.5
102.5 102.5
101.5 101.5
100.5 100.5
99.5 99.5
98.5 98.5
97.5 97.5
96.5 96.5
95.5 95.5
94.5 94.5
93.5 93.5
92.5 92.5
91.5 91.5
90.5 90.5
89.5 89.5
88.5 88.5
87.5 87.5
86.5 86.5
85.5 85.5
84.5 84.5
83.5 83.5
82.5 82.5
81.5 81.5
80.5 80.5
79.5 79.5
78.5 78.5
77.5 77.5
76.5 76.5
75.5 75.5
74.5 74.5
73.5 73.5
72.5 72.5
71.5 71.5
70.5 70.5
69.5 69.5
68.5 68.5
67.5 67.5
66.5 66.5
65.5 65.5
64.5 64.5
63.5 63.5
62.5 62.5
61.5 61.5
60.5 60.5
59.5 59.5
58.5 58.5
57.5 57.5
56.5 56.5
55.5 55.5
54.5 54.5
53.5 53.5
52.5 52.5
51.5 51.5
50.5 50.5
49.5 49.5
48.5 48.5
47.5 47.5
46.5 46.5
45.5 45.5
44.5 44.5
43.5 43.5
42.5 42.5
41.5 41.5
40.5 40.5
39.5 39.5
38.5 38.5
37.5 37.5
36.5 36.5
35.5 35.5
34.5 34.5
33.5 33.5
32.5 32.5
31.5 31.5
30.5 30.5
29.5 29.5
28.5 28.5
27.5 27.5
26.5 26.5
25.5 25.5
24.5 24.5
23.5 23.5
22.5 22.5
21.5 21.5
20.5 20.5
19.5 19.5
18.5 18.5
17.5 17.5
16.5 16.5
15.5 15.5
14.5 14.5
13.5 13.5
12.5 12.5
11.5 11.5
10.5 10.5
9.5 9.5
8.5 8.5
7.5 7.5
6.5 6.5
5.5 5.5
4.5 4.5
3.5 3.5
2.5 2.5
1.5 1.5
0.5 0.5
