1 500
2 499
3 498
4 497
5 496
6 495
7 494
8 493
9 492
10 491
11 490
12 489
13 488
14 487
15 486
16 485
17 484
18 483
19 482
20 481
21 480
22 479
23 478
24 477
25 476
26 475
27 474
28 473
29 472
30 471
31 470
32 469
33 468
34 467
35 466
36 465
37 464
38 463
39 462
40 461
41 460
42 459
43 458
44 457
45 456
46 455
47 454
48 453
49 452
50 451
51 450
52 449
53 448
54 447
55 446
56 445
57 444
58 443
59 442
60 441
61 440
62 439
63 438
64 437
65 436
66 435
67 434
68 433
69 432
70 431
71 430
72 429
73 428
74 427
75 426
76 425
77 424
78 423
79 422
80 421
81 420
82 419
83 418
84 417
85 416
86 415
87 414
88 413
89 412
90 411
91 410
92 409
93 408
94 407
95 406
96 405
97 404
98 403
99 402
100 401
101 400
102 399
103 398
104 397
105 396
106 395
107 394
108 393
109 392
110 391
111 390
112 389
113 388
114 387
115 386
116 385
117 384
118 383
119 382
120 381
121 380
122 379
123 378
124 377
125 376
126 375
127 374
128 373
129 372
130 371
131 370
132 369
133 368
134 367
135 366
136 365
137 364
138 363
139 362
140 361
141 360
142 359
143 358
144 357
145 356
146 355
147 354
148 353
149 352
150 351
151 350
152 349
153 348
154 347
155 346
156 345
157 344
158 343
159 342
160 341
161 340
162 339
163 338
164 337
165 336
166 335
167 334
168 333
169 332
170 331
171 330
172 329
173 328
174 327
175 326
176 325
177 324
178 323
179 322
180 321
181 320
182 319
183 318
184 317
185 316
186 315
187 314
188 313
189 312
190 311
191 310
192 309
193 308
194 307
195 306
196 305
197 304
198 303
199 302
200 301
201 300
202 299
203 298
204 297
205 296
206 295
207 294
208 293
209 292
210 291
211 290
212 289
213 288
214 287
215 286
216 285
217 284
218 283
219 282
220 281
221 280
222 279
223 278
224 277
225 276
226 275
227 274
228 273
229 272
230 271
231 270
232 269
233 268
234 267
235 266
236 265
237 264
238 263
239 262
240 261
241 260
242 259
243 258
244 257
245 256
246 255
247 254
248 253
249 252
250 251
251 250
252 249
253 248
254 247
255 246
256 245
257 244
258 243
259 242
260 241
261 240
262 239
263 238
264 237
265 236
266 235
267 234
268 233
269 232
270 231
271 230
272 229
273 228
274 227
275 226
276 225
277 224
278 223
279 222
280 221
281 220
282 219
283 218
284 217
285 216
286 215
287 214
288 213
289 212
290 211
291 210
292 209
293 208
294 207
295 206
296 205
297 204
298 203
299 202
300 201
301 200
302 199
303 198
304 197
305 196
306 195
307 194
308 193
309 192
310 191
311 190
312 189
313 188
314 187
315 186
316 185
317 184
318 183
319 182
320 181
321 180
322 179
323 178
324 177
325 176
326 175
327 174
328 173
329 172
330 171
331 170
332 169
333 168
334 167
335 166
336 165
337 164
338 163
339 162
340 161
341 160
342 159
343 158
344 157
345 156
346 155
347 154
348 153
349 152
350 151
351 150
352 149
353 148
354 147
355 146
356 145
357 144
358 143
359 142
360 141
361 140
362 139
363 138
364 137
365 136
366 135
367 134
368 133
369 132
370 131
371 130
372 129
373 128
374 127
375 126
376 125
377 124
378 123
379 122
380 121
381 120
382 119
383 118
384 117
385 116
386 115
387 114
388 113
389 112
390 111
391 110
392 109
393 108
394 107
395 106
396 105
397 104
398 103
399 102
400 101
401 100
402 99
403 98
404 97
405 96
406 95
407 94
408 93
409 92
410 91
411 90
412 89
413 88
414 87
415 86
416 85
417 84
418 83
419 82
420 81
421 80
422 79
423 78
424 77
425 76
426 75
427 74
428 73
429 72
430 71
431 70
432 69
433 68
434 67
435 66
436 65
437 64
438 63
439 62
440 61
441 60
442 59
443 58
444 57
445 56
446 55
447 54
448 53
449 52
450 51
451 50
452 49
453 48
454 47
455 46
456 45
457 44
458 43
459 42
460 41
461 40
462 39
463 38
464 37
465 36
466 35
467 34
468 33
469 32
470 31
471 30
472 29
473 28
474 27
475 26
476 25
477 24
478 23
479 22
480 21
481 20
482 19
483 18
484 17
485 16
486 15
487 14
488 13
489 12
490 11
491 10
492 9
493 8
494 7
495 6
496 5
497 4
498 3
499 2
500 1
