180 360
0.00 20.00
0.70 19.99
1.40 19.95
2.09 19.89
2.78 19.81
3.47 19.70
4.16 19.56
4.84 19.41
5.51 19.23
6.18 19.02
6.84 18.79
7.49 18.54
8.13 18.27
8.77 17.98
9.39 17.66
10.00 17.32
10.60 16.96
11.18 16.58
11.76 16.18
12.31 15.76
12.86 15.32
13.38 14.86
13.89 14.39
14.39 13.89
14.86 13.38
15.32 12.86
15.76 12.31
16.18 11.76
16.58 11.18
16.96 10.60
17.32 10.00
17.66 9.39
17.98 8.77
18.27 8.13
18.54 7.49
18.79 6.84
19.02 6.18
19.23 5.51
19.41 4.84
19.56 4.16
19.70 3.47
19.81 2.78
19.89 2.09
19.95 1.40
19.99 0.70
20.00 0.00
19.99 -0.70
19.95 -1.40
19.89 -2.09
19.81 -2.78
19.70 -3.47
19.56 -4.16
19.41 -4.84
19.23 -5.51
19.02 -6.18
18.79 -6.84
18.54 -7.49
18.27 -8.13
17.98 -8.77
17.66 -9.39
17.32 -10.00
16.96 -10.60
16.58 -11.18
16.18 -11.76
15.76 -12.31
15.32 -12.86
14.86 -13.38
14.39 -13.89
13.89 -14.39
13.38 -14.86
12.86 -15.32
12.31 -15.76
11.76 -16.18
11.18 -16.58
10.60 -16.96
10.00 -17.32
9.39 -17.66
8.77 -17.98
8.13 -18.27
7.49 -18.54
6.84 -18.79
6.18 -19.02
5.51 -19.23
4.84 -19.41
4.16 -19.56
3.47 -19.70
2.78 -19.81
2.09 -19.89
1.40 -19.95
0.70 -19.99
0.00 -20.00
-0.70 -19.99
-1.40 -19.95
-2.09 -19.89
-2.78 -19.81
-3.47 -19.70
-4.16 -19.56
-4.84 -19.41
-5.51 -19.23
-6.18 -19.02
-6.84 -18.79
-7.49 -18.54
-8.13 -18.27
-8.77 -17.98
-9.39 -17.66
-10.00 -17.32
-10.60 -16.96
-11.18 -16.58
-11.76 -16.18
-12.31 -15.76
-12.86 -15.32
-13.38 -14.86
-13.89 -14.39
-14.39 -13.89
-14.86 -13.38
-15.32 -12.86
-15.76 -12.31
-16.18 -11.76
-16.58 -11.18
-16.96 -10.60
-17.32 -10.00
-17.66 -9.39
-17.98 -8.77
-18.27 -8.13
-18.54 -7.49
-18.79 -6.84
-19.02 -6.18
-19.23 -5.51
-19.41 -4.84
-19.56 -4.16
-19.70 -3.47
-19.81 -2.78
-19.89 -2.09
-19.95 -1.40
-19.99 -0.70
-20.00 -0.00
-19.99 0.70
-19.95 1.40
-19.89 2.09
-19.81 2.78
-19.70 3.47
-19.56 4.16
-19.41 4.84
-19.23 5.51
-19.02 6.18
-18.79 6.84
-18.54 7.49
-18.27 8.13
-17.98 8.77
-17.66 9.39
-17.32 10.00
-16.96 10.60
-16.58 11.18
-16.18 11.76
-15.76 12.31
-15.32 12.86
-14.86 13.38
-14.39 13.89
-13.89 14.39
-13.38 14.86
-12.86 15.32
-12.31 15.76
-11.76 16.18
-11.18 16.58
-10.60 16.96
-10.00 17.32
-9.39 17.66
-8.77 17.98
-8.13 18.27
-7.49 18.54
-6.84 18.79
-6.18 19.02
-5.51 19.23
-4.84 19.41
-4.16 19.56
-3.47 19.70
-2.78 19.81
-2.09 19.89
-1.40 19.95
-0.70 19.99
0.00 10.00 0.35 9.99
0.35 9.99 0.70 9.98
0.70 9.98 1.05 9.95
1.05 9.95 1.39 9.90
1.39 9.90 1.74 9.85
1.74 9.85 2.08 9.78
2.08 9.78 2.42 9.70
2.42 9.70 2.76 9.61
2.76 9.61 3.09 9.51
3.09 9.51 3.42 9.40
3.42 9.40 3.75 9.27
3.75 9.27 4.07 9.14
4.07 9.14 4.38 8.99
4.38 8.99 4.69 8.83
4.69 8.83 5.00 8.66
5.00 8.66 5.30 8.48
5.30 8.48 5.59 8.29
5.59 8.29 5.88 8.09
5.88 8.09 6.16 7.88
6.16 7.88 6.43 7.66
6.43 7.66 6.69 7.43
6.69 7.43 6.95 7.19
6.95 7.19 7.19 6.95
7.19 6.95 7.43 6.69
7.43 6.69 7.66 6.43
7.66 6.43 7.88 6.16
7.88 6.16 8.09 5.88
8.09 5.88 8.29 5.59
8.29 5.59 8.48 5.30
8.48 5.30 8.66 5.00
8.66 5.00 8.83 4.69
8.83 4.69 8.99 4.38
8.99 4.38 9.14 4.07
9.14 4.07 9.27 3.75
9.27 3.75 9.40 3.42
9.40 3.42 9.51 3.09
9.51 3.09 9.61 2.76
9.61 2.76 9.70 2.42
9.70 2.42 9.78 2.08
9.78 2.08 9.85 1.74
9.85 1.74 9.90 1.39
9.90 1.39 9.95 1.05
9.95 1.05 9.98 0.70
9.98 0.70 9.99 0.35
9.99 0.35 10.00 0.00
10.00 0.00 9.99 -0.35
9.99 -0.35 9.98 -0.70
9.98 -0.70 9.95 -1.05
9.95 -1.05 9.90 -1.39
9.90 -1.39 9.85 -1.74
9.85 -1.74 9.78 -2.08
9.78 -2.08 9.70 -2.42
9.70 -2.42 9.61 -2.76
9.61 -2.76 9.51 -3.09
9.51 -3.09 9.40 -3.42
9.40 -3.42 9.27 -3.75
9.27 -3.75 9.14 -4.07
9.14 -4.07 8.99 -4.38
8.99 -4.38 8.83 -4.69
8.83 -4.69 8.66 -5.00
8.66 -5.00 8.48 -5.30
8.48 -5.30 8.29 -5.59
8.29 -5.59 8.09 -5.88
8.09 -5.88 7.88 -6.16
7.88 -6.16 7.66 -6.43
7.66 -6.43 7.43 -6.69
7.43 -6.69 7.19 -6.95
7.19 -6.95 6.95 -7.19
6.95 -7.19 6.69 -7.43
6.69 -7.43 6.43 -7.66
6.43 -7.66 6.16 -7.88
6.16 -7.88 5.88 -8.09
5.88 -8.09 5.59 -8.29
5.59 -8.29 5.30 -8.48
5.30 -8.48 5.00 -8.66
5.00 -8.66 4.69 -8.83
4.69 -8.83 4.38 -8.99
4.38 -8.99 4.07 -9.14
4.07 -9.14 3.75 -9.27
3.75 -9.27 3.42 -9.40
3.42 -9.40 3.09 -9.51
3.09 -9.51 2.76 -9.61
2.76 -9.61 2.42 -9.70
2.42 -9.70 2.08 -9.78
2.08 -9.78 1.74 -9.85
1.74 -9.85 1.39 -9.90
1.39 -9.90 1.05 -9.95
1.05 -9.95 0.70 -9.98
0.70 -9.98 0.35 -9.99
0.35 -9.99 0.00 -10.00
0.00 -10.00 -0.35 -9.99
-0.35 -9.99 -0.70 -9.98
-0.70 -9.98 -1.05 -9.95
-1.05 -9.95 -1.39 -9.90
-1.39 -9.90 -1.74 -9.85
-1.74 -9.85 -2.08 -9.78
-2.08 -9.78 -2.42 -9.70
-2.42 -9.70 -2.76 -9.61
-2.76 -9.61 -3.09 -9.51
-3.09 -9.51 -3.42 -9.40
-3.42 -9.40 -3.75 -9.27
-3.75 -9.27 -4.07 -9.14
-4.07 -9.14 -4.38 -8.99
-4.38 -8.99 -4.69 -8.83
-4.69 -8.83 -5.00 -8.66
-5.00 -8.66 -5.30 -8.48
-5.30 -8.48 -5.59 -8.29
-5.59 -8.29 -5.88 -8.09
-5.88 -8.09 -6.16 -7.88
-6.16 -7.88 -6.43 -7.66
-6.43 -7.66 -6.69 -7.43
-6.69 -7.43 -6.95 -7.19
-6.95 -7.19 -7.19 -6.95
-7.19 -6.95 -7.43 -6.69
-7.43 -6.69 -7.66 -6.43
-7.66 -6.43 -7.88 -6.16
-7.88 -6.16 -8.09 -5.88
-8.09 -5.88 -8.29 -5.59
-8.29 -5.59 -8.48 -5.30
-8.48 -5.30 -8.66 -5.00
-8.66 -5.00 -8.83 -4.69
-8.83 -4.69 -8.99 -4.38
-8.99 -4.38 -9.14 -4.07
-9.14 -4.07 -9.27 -3.75
-9.27 -3.75 -9.40 -3.42
-9.40 -3.42 -9.51 -3.09
-9.51 -3.09 -9.61 -2.76
-9.61 -2.76 -9.70 -2.42
-9.70 -2.42 -9.78 -2.08
-9.78 -2.08 -9.85 -1.74
-9.85 -1.74 -9.90 -1.39
-9.90 -1.39 -9.95 -1.05
-9.95 -1.05 -9.98 -0.70
-9.98 -0.70 -9.99 -0.35
-9.99 -0.35 -10.00 -0.00
-10.00 -0.00 -9.99 0.35
-9.99 0.35 -9.98 0.70
-9.98 0.70 -9.95 1.05
-9.95 1.05 -9.90 1.39
-9.90 1.39 -9.85 1.74
-9.85 1.74 -9.78 2.08
-9.78 2.08 -9.70 2.42
-9.70 2.42 -9.61 2.76
-9.61 2.76 -9.51 3.09
-9.51 3.09 -9.40 3.42
-9.40 3.42 -9.27 3.75
-9.27 3.75 -9.14 4.07
-9.14 4.07 -8.99 4.38
-8.99 4.38 -8.83 4.69
-8.83 4.69 -8.66 5.00
-8.66 5.00 -8.48 5.30
-8.48 5.30 -8.29 5.59
-8.29 5.59 -8.09 5.88
-8.09 5.88 -7.88 6.16
-7.88 6.16 -7.66 6.43
-7.66 6.43 -7.43 6.69
-7.43 6.69 -7.19 6.95
-7.19 6.95 -6.95 7.19
-6.95 7.19 -6.69 7.43
-6.69 7.43 -6.43 7.66
-6.43 7.66 -6.16 7.88
-6.16 7.88 -5.88 8.09
-5.88 8.09 -5.59 8.29
-5.59 8.29 -5.30 8.48
-5.30 8.48 -5.00 8.66
-5.00 8.66 -4.69 8.83
-4.69 8.83 -4.38 8.99
-4.38 8.99 -4.07 9.14
-4.07 9.14 -3.75 9.27
-3.75 9.27 -3.42 9.40
-3.42 9.40 -3.09 9.51
-3.09 9.51 -2.76 9.61
-2.76 9.61 -2.42 9.70
-2.42 9.70 -2.08 9.78
-2.08 9.78 -1.74 9.85
-1.74 9.85 -1.39 9.90
-1.39 9.90 -1.05 9.95
-1.05 9.95 -0.70 9.98
-0.70 9.98 -0.35 9.99
-0.35 9.99 0.00 10.00
0.00 30.00 1.05 29.98
1.05 29.98 2.09 29.93
2.09 29.93 3.14 29.84
3.14 29.84 4.18 29.71
4.18 29.71 5.21 29.54
5.21 29.54 6.24 29.34
6.24 29.34 7.26 29.11
7.26 29.11 8.27 28.84
8.27 28.84 9.27 28.53
9.27 28.53 10.26 28.19
10.26 28.19 11.24 27.82
11.24 27.82 12.20 27.41
12.20 27.41 13.15 26.96
13.15 26.96 14.08 26.49
14.08 26.49 15.00 25.98
15.00 25.98 15.90 25.44
15.90 25.44 16.78 24.87
16.78 24.87 17.63 24.27
17.63 24.27 18.47 23.64
18.47 23.64 19.28 22.98
19.28 22.98 20.07 22.29
20.07 22.29 20.84 21.58
20.84 21.58 21.58 20.84
21.58 20.84 22.29 20.07
22.29 20.07 22.98 19.28
22.98 19.28 23.64 18.47
23.64 18.47 24.27 17.63
24.27 17.63 24.87 16.78
24.87 16.78 25.44 15.90
25.44 15.90 25.98 15.00
25.98 15.00 26.49 14.08
26.49 14.08 26.96 13.15
26.96 13.15 27.41 12.20
27.41 12.20 27.82 11.24
27.82 11.24 28.19 10.26
28.19 10.26 28.53 9.27
28.53 9.27 28.84 8.27
28.84 8.27 29.11 7.26
29.11 7.26 29.34 6.24
29.34 6.24 29.54 5.21
29.54 5.21 29.71 4.18
29.71 4.18 29.84 3.14
29.84 3.14 29.93 2.09
29.93 2.09 29.98 1.05
29.98 1.05 30.00 0.00
30.00 0.00 29.98 -1.05
29.98 -1.05 29.93 -2.09
29.93 -2.09 29.84 -3.14
29.84 -3.14 29.71 -4.18
29.71 -4.18 29.54 -5.21
29.54 -5.21 29.34 -6.24
29.34 -6.24 29.11 -7.26
29.11 -7.26 28.84 -8.27
28.84 -8.27 28.53 -9.27
28.53 -9.27 28.19 -10.26
28.19 -10.26 27.82 -11.24
27.82 -11.24 27.41 -12.20
27.41 -12.20 26.96 -13.15
26.96 -13.15 26.49 -14.08
26.49 -14.08 25.98 -15.00
25.98 -15.00 25.44 -15.90
25.44 -15.90 24.87 -16.78
24.87 -16.78 24.27 -17.63
24.27 -17.63 23.64 -18.47
23.64 -18.47 22.98 -19.28
22.98 -19.28 22.29 -20.07
22.29 -20.07 21.58 -20.84
21.58 -20.84 20.84 -21.58
20.84 -21.58 20.07 -22.29
20.07 -22.29 19.28 -22.98
19.28 -22.98 18.47 -23.64
18.47 -23.64 17.63 -24.27
17.63 -24.27 16.78 -24.87
16.78 -24.87 15.90 -25.44
15.90 -25.44 15.00 -25.98
15.00 -25.98 14.08 -26.49
14.08 -26.49 13.15 -26.96
13.15 -26.96 12.20 -27.41
12.20 -27.41 11.24 -27.82
11.24 -27.82 10.26 -28.19
10.26 -28.19 9.27 -28.53
9.27 -28.53 8.27 -28.84
8.27 -28.84 7.26 -29.11
7.26 -29.11 6.24 -29.34
6.24 -29.34 5.21 -29.54
5.21 -29.54 4.18 -29.71
4.18 -29.71 3.14 -29.84
3.14 -29.84 2.09 -29.93
2.09 -29.93 1.05 -29.98
1.05 -29.98 0.00 -30.00
0.00 -30.00 -1.05 -29.98
-1.05 -29.98 -2.09 -29.93
-2.09 -29.93 -3.14 -29.84
-3.14 -29.84 -4.18 -29.71
-4.18 -29.71 -5.21 -29.54
-5.21 -29.54 -6.24 -29.34
-6.24 -29.34 -7.26 -29.11
-7.26 -29.11 -8.27 -28.84
-8.27 -28.84 -9.27 -28.53
-9.27 -28.53 -10.26 -28.19
-10.26 -28.19 -11.24 -27.82
-11.24 -27.82 -12.20 -27.41
-12.20 -27.41 -13.15 -26.96
-13.15 -26.96 -14.08 -26.49
-14.08 -26.49 -15.00 -25.98
-15.00 -25.98 -15.90 -25.44
-15.90 -25.44 -16.78 -24.87
-16.78 -24.87 -17.63 -24.27
-17.63 -24.27 -18.47 -23.64
-18.47 -23.64 -19.28 -22.98
-19.28 -22.98 -20.07 -22.29
-20.07 -22.29 -20.84 -21.58
-20.84 -21.58 -21.58 -20.84
-21.58 -20.84 -22.29 -20.07
-22.29 -20.07 -22.98 -19.28
-22.98 -19.28 -23.64 -18.47
-23.64 -18.47 -24.27 -17.63
-24.27 -17.63 -24.87 -16.78
-24.87 -16.78 -25.44 -15.90
-25.44 -15.90 -25.98 -15.00
-25.98 -15.00 -26.49 -14.08
-26.49 -14.08 -26.96 -13.15
-26.96 -13.15 -27.41 -12.20
-27.41 -12.20 -27.82 -11.24
-27.82 -11.24 -28.19 -10.26
-28.19 -10.26 -28.53 -9.27
-28.53 -9.27 -28.84 -8.27
-28.84 -8.27 -29.11 -7.26
-29.11 -7.26 -29.34 -6.24
-29.34 -6.24 -29.54 -5.21
-29.54 -5.21 -29.71 -4.18
-29.71 -4.18 -29.84 -3.14
-29.84 -3.14 -29.93 -2.09
-29.93 -2.09 -29.98 -1.05
-29.98 -1.05 -30.00 -0.00
-30.00 -0.00 -29.98 1.05
-29.98 1.05 -29.93 2.09
-29.93 2.09 -29.84 3.14
-29.84 3.14 -29.71 4.18
-29.71 4.18 -29.54 5.21
-29.54 5.21 -29.34 6.24
-29.34 6.24 -29.11 7.26
-29.11 7.26 -28.84 8.27
-28.84 8.27 -28.53 9.27
-28.53 9.27 -28.19 10.26
-28.19 10.26 -27.82 11.24
-27.82 11.24 -27.41 12.20
-27.41 12.20 -26.96 13.15
-26.96 13.15 -26.49 14.08
-26.49 14.08 -25.98 15.00
-25.98 15.00 -25.44 15.90
-25.44 15.90 -24.87 16.78
-24.87 16.78 -24.27 17.63
-24.27 17.63 -23.64 18.47
-23.64 18.47 -22.98 19.28
-22.98 19.28 -22.29 20.07
-22.29 20.07 -21.58 20.84
-21.58 20.84 -20.84 21.58
-20.84 21.58 -20.07 22.29
-20.07 22.29 -19.28 22.98
-19.28 22.98 -18.47 23.64
-18.47 23.64 -17.63 24.27
-17.63 24.27 -16.78 24.87
-16.78 24.87 -15.90 25.44
-15.90 25.44 -15.00 25.98
-15.00 25.98 -14.08 26.49
-14.08 26.49 -13.15 26.96
-13.15 26.96 -12.20 27.41
-12.20 27.41 -11.24 27.82
-11.24 27.82 -10.26 28.19
-10.26 28.19 -9.27 28.53
-9.27 28.53 -8.27 28.84
-8.27 28.84 -7.26 29.11
-7.26 29.11 -6.24 29.34
-6.24 29.34 -5.21 29.54
-5.21 29.54 -4.18 29.71
-4.18 29.71 -3.14 29.84
-3.14 29.84 -2.09 29.93
-2.09 29.93 -1.05 29.98
-1.05 29.98 0.00 30.00
