5.00 5.00 1000.00
5.00 5.00 -1000.00
Miss
Miss
15.00 5.00 1000.00
15.00 5.00 -1000.00
Miss
Miss
25.00 5.00 1000.00
25.00 5.00 -1000.00
Miss
Miss
35.00 5.00 1000.00
35.00 5.00 -1000.00
Miss
Miss
45.00 5.00 1000.00
45.00 5.00 -1000.00
Miss
Miss
55.00 5.00 1000.00
55.00 5.00 -1000.00
Miss
Miss
65.00 5.00 1000.00
65.00 5.00 -1000.00
Miss
Miss
75.00 5.00 1000.00
75.00 5.00 -1000.00
Miss
Miss
85.00 5.00 1000.00
85.00 5.00 -1000.00
Miss
Miss
95.00 5.00 1000.00
95.00 5.00 -1000.00
Miss
Miss
5.00 15.00 1000.00
5.00 15.00 -1000.00
Miss
Miss
15.00 15.00 1000.00
15.00 15.00 -1000.00
Miss
Miss
25.00 15.00 1000.00
25.00 15.00 -1000.00
Miss
Miss
35.00 15.00 1000.00
35.00 15.00 -1000.00
Miss
Miss
45.00 15.00 1000.00
45.00 15.00 -1000.00
Miss
Miss
55.00 15.00 1000.00
55.00 15.00 -1000.00
Miss
Miss
65.00 15.00 1000.00
65.00 15.00 -1000.00
Miss
Miss
75.00 15.00 1000.00
75.00 15.00 -1000.00
Miss
Miss
85.00 15.00 1000.00
85.00 15.00 -1000.00
Miss
Miss
95.00 15.00 1000.00
95.00 15.00 -1000.00
Miss
Miss
5.00 25.00 1000.00
5.00 25.00 -1000.00
Miss
Miss
15.00 25.00 1000.00
15.00 25.00 -1000.00
Miss
Miss
25.00 25.00 1000.00
25.00 25.00 -1000.00
Miss
Miss
35.00 25.00 1000.00
35.00 25.00 -1000.00
Miss
Miss
45.00 25.00 1000.00
45.00 25.00 -1000.00
Miss
Miss
55.00 25.00 1000.00
55.00 25.00 -1000.00
Miss
Miss
65.00 25.00 1000.00
65.00 25.00 -1000.00
Miss
Miss
75.00 25.00 1000.00
75.00 25.00 -1000.00
Miss
Miss
85.00 25.00 1000.00
85.00 25.00 -1000.00
Miss
Miss
95.00 25.00 1000.00
95.00 25.00 -1000.00
Miss
Miss
5.00 35.00 1000.00
5.00 35.00 -1000.00
Miss
Miss
15.00 35.00 1000.00
15.00 35.00 -1000.00
Miss
Miss
25.00 35.00 1000.00
25.00 35.00 -1000.00
Miss
Miss
35.00 35.00 1000.00
35.00 35.00 -1000.00
Miss
Miss
45.00 35.00 1000.00
45.00 35.00 -1000.00
Miss
Miss
55.00 35.00 1000.00
55.00 35.00 -1000.00
Miss
Miss
65.00 35.00 1000.00
65.00 35.00 -1000.00
Miss
Miss
75.00 35.00 1000.00
75.00 35.00 -1000.00
Miss
Miss
85.00 35.00 1000.00
85.00 35.00 -1000.00
Miss
Miss
95.00 35.00 1000.00
95.00 35.00 -1000.00
Miss
Miss
5.00 45.00 1000.00
5.00 45.00 -1000.00
Miss
Miss
15.00 45.00 1000.00
15.00 45.00 -1000.00
Miss
Miss
25.00 45.00 1000.00
25.00 45.00 -1000.00
Miss
Miss
35.00 45.00 1000.00
35.00 45.00 -1000.00
Miss
Miss
45.00 45.00 1000.00
45.00 45.00 -1000.00
Miss
Miss
55.00 45.00 1000.00
55.00 45.00 -1000.00
Miss
Miss
65.00 45.00 1000.00
65.00 45.00 -1000.00
Miss
Miss
75.00 45.00 1000.00
75.00 45.00 -1000.00
Miss
Miss
85.00 45.00 1000.00
85.00 45.00 -1000.00
Miss
Miss
95.00 45.00 1000.00
95.00 45.00 -1000.00
Miss
Miss
5.00 55.00 1000.00
5.00 55.00 -1000.00
Miss
Miss
15.00 55.00 1000.00
15.00 55.00 -1000.00
Miss
Miss
25.00 55.00 1000.00
25.00 55.00 -1000.00
Miss
Miss
35.00 55.00 1000.00
35.00 55.00 -1000.00
Miss
Miss
45.00 55.00 1000.00
45.00 55.00 -1000.00
Miss
Miss
55.00 55.00 1000.00
55.00 55.00 -1000.00
Miss
Miss
65.00 55.00 1000.00
65.00 55.00 -1000.00
Miss
Miss
75.00 55.00 1000.00
75.00 55.00 -1000.00
Miss
Miss
85.00 55.00 1000.00
85.00 55.00 -1000.00
Miss
Miss
95.00 55.00 1000.00
95.00 55.00 -1000.00
Miss
Miss
5.00 65.00 1000.00
5.00 65.00 -1000.00
Miss
Miss
15.00 65.00 1000.00
15.00 65.00 -1000.00
Miss
Miss
25.00 65.00 1000.00
25.00 65.00 -1000.00
Miss
Miss
35.00 65.00 1000.00
35.00 65.00 -1000.00
Miss
Miss
45.00 65.00 1000.00
45.00 65.00 -1000.00
Miss
Miss
55.00 65.00 1000.00
55.00 65.00 -1000.00
Miss
Miss
65.00 65.00 1000.00
65.00 65.00 -1000.00
Miss
Miss
75.00 65.00 1000.00
75.00 65.00 -1000.00
Miss
Miss
85.00 65.00 1000.00
85.00 65.00 -1000.00
Miss
Miss
95.00 65.00 1000.00
95.00 65.00 -1000.00
Miss
Miss
5.00 75.00 1000.00
5.00 75.00 -1000.00
Miss
Miss
15.00 75.00 1000.00
15.00 75.00 -1000.00
Miss
Miss
25.00 75.00 1000.00
25.00 75.00 -1000.00
Miss
Miss
35.00 75.00 1000.00
35.00 75.00 -1000.00
Miss
Miss
45.00 75.00 1000.00
45.00 75.00 -1000.00
Miss
Miss
55.00 75.00 1000.00
55.00 75.00 -1000.00
Miss
Miss
65.00 75.00 1000.00
65.00 75.00 -1000.00
Miss
Miss
75.00 75.00 1000.00
75.00 75.00 -1000.00
Miss
Miss
85.00 75.00 1000.00
85.00 75.00 -1000.00
Miss
Miss
95.00 75.00 1000.00
95.00 75.00 -1000.00
Miss
Miss
5.00 85.00 1000.00
5.00 85.00 -1000.00
Miss
Miss
15.00 85.00 1000.00
15.00 85.00 -1000.00
Miss
Miss
25.00 85.00 1000.00
25.00 85.00 -1000.00
Miss
Miss
35.00 85.00 1000.00
35.00 85.00 -1000.00
Miss
Miss
45.00 85.00 1000.00
45.00 85.00 -1000.00
Miss
Miss
55.00 85.00 1000.00
55.00 85.00 -1000.00
Miss
Miss
65.00 85.00 1000.00
65.00 85.00 -1000.00
Miss
Miss
75.00 85.00 1000.00
75.00 85.00 -1000.00
Miss
Miss
85.00 85.00 1000.00
85.00 85.00 -1000.00
Miss
Miss
95.00 85.00 1000.00
95.00 85.00 -1000.00
Miss
Miss
5.00 95.00 1000.00
5.00 95.00 -1000.00
Miss
Miss
15.00 95.00 1000.00
15.00 95.00 -1000.00
Miss
Miss
25.00 95.00 1000.00
25.00 95.00 -1000.00
Miss
Miss
35.00 95.00 1000.00
35.00 95.00 -1000.00
Miss
Miss
45.00 95.00 1000.00
45.00 95.00 -1000.00
Miss
Miss
55.00 95.00 1000.00
55.00 95.00 -1000.00
Miss
Miss
65.00 95.00 1000.00
65.00 95.00 -1000.00
Miss
Miss
75.00 95.00 1000.00
75.00 95.00 -1000.00
Miss
Miss
85.00 95.00 1000.00
85.00 95.00 -1000.00
Miss
Miss
95.00 95.00 1000.00
95.00 95.00 -1000.00
Miss
Miss
