100
0.0 0.0 1.0 1.0
2.0 2.0 3.0 3.0
4.0 4.0 5.0 5.0
6.0 6.0 7.0 7.0
8.0 8.0 9.0 9.0
10.0 10.0 11.0 11.0
12.0 12.0 13.0 13.0
14.0 14.0 15.0 15.0
16.0 16.0 17.0 17.0
18.0 18.0 19.0 19.0
20.0 20.0 21.0 21.0
22.0 22.0 23.0 23.0
24.0 24.0 25.0 25.0
26.0 26.0 27.0 27.0
28.0 28.0 29.0 29.0
30.0 30.0 31.0 31.0
32.0 32.0 33.0 33.0
34.0 34.0 35.0 35.0
36.0 36.0 37.0 37.0
38.0 38.0 39.0 39.0
40.0 40.0 41.0 41.0
42.0 42.0 43.0 43.0
44.0 44.0 45.0 45.0
46.0 46.0 47.0 47.0
48.0 48.0 49.0 49.0
50.0 50.0 51.0 51.0
52.0 52.0 53.0 53.0
54.0 54.0 55.0 55.0
56.0 56.0 57.0 57.0
58.0 58.0 59.0 59.0
60.0 60.0 61.0 61.0
62.0 62.0 63.0 63.0
64.0 64.0 65.0 65.0
66.0 66.0 67.0 67.0
68.0 68.0 69.0 69.0
70.0 70.0 71.0 71.0
72.0 72.0 73.0 73.0
74.0 74.0 75.0 75.0
76.0 76.0 77.0 77.0
78.0 78.0 79.0 79.0
80.0 80.0 81.0 81.0
82.0 82.0 83.0 83.0
84.0 84.0 85.0 85.0
86.0 86.0 87.0 87.0
88.0 88.0 89.0 89.0
90.0 90.0 91.0 91.0
92.0 92.0 93.0 93.0
94.0 94.0 95.0 95.0
96.0 96.0 97.0 97.0
98.0 98.0 99.0 99.0
100.0 100.0 101.0 101.0
102.0 102.0 103.0 103.0
104.0 104.0 105.0 105.0
106.0 106.0 107.0 107.0
108.0 108.0 109.0 109.0
110.0 110.0 111.0 111.0
112.0 112.0 113.0 113.0
114.0 114.0 115.0 115.0
116.0 116.0 117.0 117.0
118.0 118.0 119.0 119.0
120.0 120.0 121.0 121.0
122.0 122.0 123.0 123.0
124.0 124.0 125.0 125.0
126.0 126.0 127.0 127.0
128.0 128.0 129.0 129.0
130.0 130.0 131.0 131.0
132.0 132.0 133.0 133.0
134.0 134.0 135.0 135.0
136.0 136.0 137.0 137.0
138.0 138.0 139.0 139.0
140.0 140.0 141.0 141.0
142.0 142.0 143.0 143.0
144.0 144.0 145.0 145.0
146.0 146.0 147.0 147.0
148.0 148.0 149.0 149.0
150.0 150.0 151.0 151.0
152.0 152.0 153.0 153.0
154.0 154.0 155.0 155.0
156.0 156.0 157.0 157.0
158.0 158.0 159.0 159.0
160.0 160.0 161.0 161.0
162.0 162.0 163.0 163.0
164.0 164.0 165.0 165.0
166.0 166.0 167.0 167.0
168.0 168.0 169.0 169.0
170.0 170.0 171.0 171.0
172.0 172.0 173.0 173.0
174.0 174.0 175.0 175.0
176.0 176.0 177.0 177.0
178.0 178.0 179.0 179.0
180.0 180.0 181.0 181.0
182.0 182.0 183.0 183.0
184.0 184.0 185.0 185.0
186.0 186.0 187.0 187.0
188.0 188.0 189.0 189.0
190.0 190.0 191.0 191.0
192.0 192.0 193.0 193.0
194.0 194.0 195.0 195.0
196.0 196.0 197.0 197.0
198.0 198.0 199.0 199.0
0.5 0.5
2.5 2.5
4.5 4.5
6.5 6.5
8.5 8.5
10.5 10.5
12.5 12.5
14.5 14.5
16.5 16.5
18.5 18.5
20.5 20.5
22.5 22.5
24.5 24.5
26.5 26.5
28.5 28.5
30.5 30.5
32.5 32.5
34.5 34.5
36.5 36.5
38.5 38.5
40.5 40.5
42.5 42.5
44.5 44.5
46.5 46.5
48.5 48.5
50.5 50.5
52.5 52.5
54.5 54.5
56.5 56.5
58.5 58.5
60.5 60.5
62.5 62.5
64.5 64.5
66.5 66.5
68.5 68.5
70.5 70.5
72.5 72.5
74.5 74.5
76.5 76.5
78.5 78.5
80.5 80.5
82.5 82.5
84.5 84.5
86.5 86.5
88.5 88.5
90.5 90.5
92.5 92.5
94.5 94.5
96.5 96.5
98.5 98.5
100.5 100.5
102.5 102.5
104.5 104.5
106.5 106.5
108.5 108.5
110.5 110.5
112.5 112.5
114.5 114.5
116.5 116.5
118.5 118.5
120.5 120.5
122.5 122.5
124.5 124.5
126.5 126.5
128.5 128.5
130.5 130.5
132.5 132.5
134.5 134.5
136.5 136.5
138.5 138.5
140.5 140.5
142.5 142.5
144.5 144.5
146.5 146.5
148.5 148.5
150.5 150.5
152.5 152.5
154.5 154.5
156.5 156.5
158.5 158.5
160.5 160.5
162.5 162.5
164.5 164.5
166.5 166.5
168.5 168.5
170.5 170.5
172.5 172.5
174.5 174.5
176.5 176.5
178.5 178.5
180.5 180.5
182.5 182.5
184.5 184.5
186.5 186.5
188.5 188.5
190.5 190.5
192.5 192.5
194.5 194.5
196.5 196.5
198.5 198.5
